/*--------------------------------*- C++ -*----------------------------------*\
  =========                 |
  \\      /  F ield         | OpenFOAM: The Open Source CFD Toolbox
   \\    /   O peration     | Website:  https://openfoam.org
    \\  /    A nd           | Version:  6
     \\/     M anipulation  |
\*---------------------------------------------------------------------------*/
FoamFile
{
    version     2.0;
    format      binary;
    class       cellSet;
    location    "constant/polyMesh/sets";
    object      c0;
}
// * * * * * * * * * * * * * * * * * * * * * * * * * * * * * * * * * * * * * //


10897
(
49152 
49153 
49154 
49155 
49156 
49157 
49158 
49159 
49160 
49161 
49162 
49163 
49164 
49165 
49166 
49167 
49168 
49169 
49170 
49171 
49172 
49173 
49174 
49175 
49176 
49177 
49178 
49179 
49180 
49181 
49182 
49183 
49184 
49185 
49186 
49187 
49188 
49189 
49190 
49191 
49192 
49193 
49194 
49195 
49196 
49197 
49198 
49199 
49200 
49201 
49202 
49203 
49204 
49205 
49206 
49207 
49208 
49209 
49210 
49211 
49212 
49213 
49214 
49215 
49216 
49217 
49218 
49219 
49220 
49221 
49222 
49223 
49224 
49225 
49226 
49227 
49228 
49229 
49230 
49231 
49232 
49233 
49234 
49235 
49236 
49237 
49238 
49239 
49240 
49241 
49242 
49243 
49244 
49245 
49246 
49247 
49248 
49249 
49250 
49251 
49252 
49253 
49254 
49255 
49256 
49257 
49258 
49259 
49260 
49261 
49262 
49263 
49264 
49265 
49266 
49267 
49268 
49269 
49270 
49271 
49272 
49273 
49274 
49275 
49276 
49277 
49278 
49279 
49280 
49281 
49282 
49283 
49284 
49285 
49286 
49287 
49288 
49289 
49290 
49291 
49292 
49293 
49294 
49295 
49296 
49297 
49298 
49299 
49300 
49301 
49302 
49303 
49304 
49305 
49306 
49307 
49308 
49309 
49310 
49311 
49312 
49313 
49314 
49315 
49316 
49317 
49318 
49319 
49320 
49321 
49322 
49323 
49324 
49325 
49326 
49327 
49328 
49329 
49330 
49331 
49332 
49333 
49334 
49335 
49336 
49337 
49338 
49339 
49340 
49341 
49342 
49343 
49344 
49345 
49346 
49347 
49348 
49349 
49350 
49351 
49352 
49353 
49354 
49355 
49356 
49357 
49358 
49359 
49360 
49361 
49362 
49363 
49364 
49365 
49366 
49367 
49368 
49369 
49370 
49371 
49372 
49373 
49374 
49375 
49376 
49377 
49378 
49379 
49380 
49381 
49382 
49383 
49384 
49385 
49386 
49387 
49388 
49389 
49390 
49391 
49392 
49393 
49394 
49395 
49396 
49397 
49398 
49399 
49400 
49401 
49402 
49403 
49404 
49405 
49406 
49407 
49408 
49409 
49410 
49411 
49412 
49413 
49414 
49415 
49416 
49417 
49418 
49419 
49420 
49421 
49422 
49423 
49424 
49425 
49426 
49427 
49428 
49429 
49430 
49431 
49432 
49433 
49434 
49435 
49436 
49437 
49438 
49439 
49440 
49441 
49442 
49443 
49444 
49445 
49446 
49447 
49448 
49449 
49450 
49451 
49452 
49453 
49454 
49455 
49456 
49457 
49458 
49459 
49460 
49461 
49462 
49463 
49464 
49465 
49466 
49467 
49468 
49469 
49470 
49471 
49472 
49473 
49474 
49475 
49476 
49477 
49478 
49479 
49480 
49481 
49482 
49483 
49484 
49485 
49486 
49487 
49488 
49489 
49490 
49491 
49492 
49493 
49494 
49495 
49496 
49497 
49498 
49499 
49500 
49501 
49502 
49503 
49504 
49505 
49506 
49507 
49508 
49509 
49510 
49511 
49512 
49513 
49514 
49515 
49516 
49517 
49518 
49519 
49520 
49521 
49522 
49523 
49524 
49525 
49526 
49527 
49528 
49529 
49530 
49531 
49532 
49533 
49534 
49535 
49536 
49537 
49538 
49539 
49540 
49541 
49542 
49543 
49544 
49545 
49546 
49547 
49548 
49549 
49550 
49551 
49552 
49553 
49554 
49555 
49556 
49557 
49558 
49559 
49560 
49561 
49562 
49563 
49564 
49565 
49566 
49567 
49568 
49569 
49570 
49571 
49572 
49573 
49574 
49575 
49576 
49577 
49578 
49579 
49580 
49581 
49582 
49583 
49584 
49585 
49586 
49587 
49588 
49589 
49590 
49591 
49592 
49593 
49594 
49595 
49596 
49597 
49598 
49599 
49600 
49601 
49602 
49603 
49604 
49605 
49606 
49607 
49608 
49609 
49610 
49611 
49612 
49613 
49614 
49615 
49616 
49617 
49618 
49619 
49620 
49621 
49622 
49623 
49624 
49625 
49626 
49627 
49628 
49629 
49630 
49631 
49632 
49633 
49634 
49635 
49636 
49637 
49638 
49639 
49640 
49641 
49642 
49643 
49644 
49645 
49646 
49647 
49648 
49649 
49650 
49651 
49652 
49653 
49654 
49655 
49656 
49657 
49658 
49659 
49660 
49661 
49662 
49663 
49664 
49665 
49666 
49667 
49668 
49669 
49670 
49671 
49672 
49673 
49674 
49675 
49676 
49677 
49678 
49679 
49680 
49681 
49682 
49683 
49684 
49685 
49686 
49687 
49688 
49689 
49690 
49691 
49692 
49693 
49694 
49695 
49696 
49697 
49698 
49699 
49700 
49701 
49702 
49703 
49704 
49705 
49706 
49707 
49708 
49709 
49710 
49711 
49712 
49713 
49714 
49715 
49716 
49717 
49718 
49719 
49720 
49721 
49722 
49723 
49724 
49725 
49726 
49727 
49728 
49729 
49730 
49731 
49732 
49733 
49734 
49735 
49736 
49737 
49738 
49739 
49740 
49741 
49742 
49743 
49744 
49745 
49746 
49747 
49748 
49749 
49750 
49751 
49752 
49753 
49754 
49755 
49756 
49757 
49758 
49759 
49760 
49761 
49762 
49763 
49764 
49765 
49766 
49767 
49768 
49769 
49770 
49771 
49772 
49773 
49774 
49775 
49776 
49777 
49778 
49779 
49780 
49781 
49782 
49783 
49784 
49785 
49786 
49787 
49788 
49789 
49790 
49791 
49792 
49793 
49794 
49795 
49796 
49797 
49798 
49799 
49800 
49801 
49802 
49803 
49804 
49805 
49806 
49807 
49808 
49809 
49810 
49811 
49812 
49813 
49814 
49815 
49816 
49817 
49818 
49819 
49820 
49821 
49822 
49823 
49824 
49825 
49826 
49827 
49828 
49829 
49830 
49831 
49832 
49833 
49834 
49835 
49836 
49837 
49838 
49839 
49840 
49841 
49842 
49843 
49844 
49845 
49846 
49847 
49848 
49849 
49850 
49851 
49852 
49853 
66238 
49854 
66239 
49855 
66240 
49856 
66241 
49857 
66242 
49858 
66243 
49859 
66244 
49860 
66245 
49861 
66246 
49862 
66247 
49863 
66248 
49864 
66249 
49865 
66250 
49866 
66251 
49867 
49868 
49869 
49870 
49871 
49872 
49873 
49874 
49875 
49876 
49877 
49878 
49879 
49880 
49881 
49882 
49883 
49884 
49885 
49886 
49887 
49888 
66273 
49889 
66274 
49890 
66275 
49891 
66276 
49892 
66277 
49893 
66278 
49894 
66279 
49895 
66280 
49896 
66281 
49897 
66282 
49898 
66283 
49899 
66284 
49900 
66285 
49901 
66286 
49902 
66287 
49903 
66288 
49904 
66289 
49905 
66290 
49906 
66291 
49907 
66292 
49908 
66293 
49909 
66294 
49910 
66295 
49911 
66296 
49912 
66297 
49913 
66298 
49914 
66299 
49915 
66300 
49916 
49917 
49918 
49919 
49920 
49921 
49922 
49923 
49924 
49925 
49926 
49927 
49928 
49929 
49930 
49931 
49932 
49933 
49934 
49935 
49936 
49937 
66322 
49938 
66323 
49939 
66324 
49940 
66325 
49941 
66326 
49942 
66327 
49943 
66328 
49944 
66329 
49945 
66330 
49946 
66331 
49947 
66332 
49948 
66333 
49949 
66334 
49950 
66335 
49951 
66336 
49952 
66337 
49953 
66338 
49954 
66339 
49955 
66340 
49956 
66341 
49957 
66342 
49958 
66343 
49959 
66344 
49960 
66345 
49961 
66346 
49962 
66347 
49963 
66348 
49964 
66349 
49965 
49966 
49967 
49968 
49969 
49970 
49971 
49972 
49973 
49974 
49975 
49976 
49977 
49978 
49979 
49980 
49981 
49982 
49983 
49984 
49985 
49986 
66371 
49987 
66372 
49988 
66373 
49989 
66374 
49990 
66375 
49991 
66376 
49992 
66377 
49993 
66378 
49994 
66379 
49995 
66380 
49996 
66381 
49997 
66382 
49998 
66383 
49999 
66384 
50000 
66385 
50001 
66386 
50002 
66387 
50003 
66388 
50004 
66389 
50005 
66390 
50006 
66391 
50007 
66392 
50008 
66393 
50009 
66394 
50010 
66395 
50011 
66396 
50012 
66397 
50013 
66398 
50014 
50015 
50016 
50017 
50018 
50019 
50020 
50021 
50022 
50023 
50024 
50025 
50026 
50027 
50028 
50029 
50030 
50031 
50032 
50033 
50034 
50035 
66420 
50036 
66421 
50037 
66422 
50038 
66423 
50039 
66424 
50040 
66425 
50041 
66426 
50042 
66427 
50043 
66428 
50044 
66429 
50045 
66430 
50046 
66431 
50047 
66432 
50048 
66433 
50049 
66434 
50050 
66435 
50051 
66436 
50052 
66437 
50053 
66438 
50054 
66439 
50055 
66440 
50056 
66441 
50057 
66442 
50058 
66443 
50059 
66444 
50060 
66445 
50061 
66446 
50062 
66447 
50063 
50064 
50065 
50066 
50067 
50068 
50069 
50070 
50071 
50072 
50073 
50074 
50075 
50076 
50077 
50078 
50079 
50080 
50081 
50082 
50083 
50084 
66469 
50085 
66470 
50086 
66471 
50087 
66472 
50088 
66473 
50089 
66474 
50090 
66475 
50091 
66476 
50092 
66477 
50093 
66478 
50094 
66479 
50095 
66480 
50096 
66481 
50097 
66482 
50098 
66483 
50099 
66484 
50100 
66485 
50101 
66486 
50102 
66487 
50103 
66488 
50104 
66489 
50105 
66490 
50106 
66491 
50107 
66492 
50108 
66493 
50109 
66494 
50110 
66495 
50111 
66496 
50112 
50113 
50114 
50115 
50116 
50117 
50118 
50119 
50120 
50121 
50122 
50123 
50124 
50125 
50126 
50127 
50128 
50129 
50130 
50131 
50132 
50133 
66518 
50134 
66519 
50135 
66520 
50136 
66521 
50137 
66522 
50138 
66523 
50139 
66524 
50140 
66525 
50141 
66526 
50142 
66527 
50143 
66528 
50144 
66529 
50145 
66530 
50146 
66531 
50147 
66532 
50148 
66533 
50149 
66534 
50150 
66535 
50151 
66536 
50152 
66537 
50153 
66538 
50154 
66539 
50155 
66540 
50156 
66541 
50157 
66542 
50158 
66543 
50159 
66544 
50160 
66545 
50161 
50162 
50163 
50164 
50165 
50166 
50167 
50168 
50169 
50170 
50171 
50172 
50173 
50174 
50175 
50176 
50177 
50178 
50179 
50180 
50181 
50182 
66567 
50183 
66568 
50184 
66569 
50185 
66570 
50186 
66571 
50187 
66572 
50188 
66573 
50189 
66574 
50190 
66575 
50191 
66576 
50192 
66577 
50193 
66578 
50194 
66579 
50195 
66580 
50196 
66581 
50197 
66582 
50198 
66583 
50199 
66584 
50200 
66585 
50201 
66586 
50202 
66587 
50203 
66588 
50204 
66589 
50205 
66590 
50206 
66591 
50207 
66592 
50208 
66593 
50209 
66594 
50210 
50211 
50212 
50213 
50214 
50215 
50216 
50217 
50218 
50219 
50220 
50221 
50222 
50223 
50224 
50225 
50226 
50227 
50228 
50229 
50230 
50231 
66616 
50232 
66617 
50233 
66618 
50234 
66619 
50235 
66620 
50236 
66621 
50237 
66622 
50238 
66623 
50239 
66624 
50240 
66625 
50241 
66626 
50242 
66627 
50243 
66628 
50244 
66629 
50245 
66630 
50246 
66631 
50247 
66632 
50248 
66633 
50249 
66634 
50250 
66635 
50251 
66636 
50252 
66637 
50253 
66638 
50254 
66639 
50255 
66640 
50256 
66641 
50257 
66642 
50258 
66643 
50259 
50260 
50261 
50262 
50263 
50264 
50265 
50266 
50267 
50268 
50269 
50270 
50271 
50272 
50273 
50274 
50275 
50276 
50277 
50278 
50279 
50280 
66665 
50281 
66666 
50282 
66667 
50283 
66668 
50284 
66669 
50285 
66670 
50286 
66671 
50287 
66672 
50288 
66673 
50289 
66674 
50290 
66675 
50291 
66676 
50292 
66677 
50293 
66678 
50294 
66679 
50295 
66680 
50296 
66681 
50297 
66682 
50298 
66683 
50299 
66684 
50300 
66685 
50301 
66686 
50302 
66687 
50303 
66688 
50304 
66689 
50305 
66690 
50306 
66691 
50307 
66692 
50308 
50309 
50310 
50311 
50312 
50313 
50314 
50315 
50316 
50317 
50318 
50319 
50320 
50321 
50322 
50323 
50324 
50325 
50326 
50327 
50328 
50329 
66714 
50330 
66715 
50331 
66716 
50332 
66717 
50333 
66718 
50334 
66719 
50335 
66720 
50336 
66721 
50337 
66722 
50338 
66723 
50339 
66724 
50340 
66725 
50341 
66726 
50342 
66727 
50343 
66728 
50344 
66729 
50345 
66730 
50346 
66731 
50347 
66732 
50348 
66733 
50349 
66734 
50350 
66735 
50351 
66736 
50352 
66737 
50353 
66738 
50354 
66739 
50355 
66740 
50356 
66741 
50357 
50358 
50359 
50360 
50361 
50362 
50363 
50364 
50365 
50366 
50367 
50368 
50369 
50370 
50371 
66756 
50372 
66757 
50373 
66758 
50374 
66759 
50375 
66760 
50376 
66761 
50377 
66762 
50378 
66763 
50379 
66764 
50380 
66765 
50381 
66766 
50382 
66767 
50383 
66768 
50384 
66769 
50385 
50386 
50387 
50388 
50389 
50390 
50391 
50392 
50393 
50394 
50395 
50396 
50397 
50398 
50399 
50400 
50401 
50402 
50403 
50404 
50405 
50406 
66791 
50407 
66792 
50408 
66793 
50409 
66794 
50410 
66795 
50411 
66796 
50412 
66797 
50413 
66798 
50414 
66799 
50415 
66800 
50416 
66801 
50417 
66802 
50418 
66803 
50419 
66804 
50420 
66805 
50421 
66806 
50422 
66807 
50423 
66808 
50424 
66809 
50425 
66810 
50426 
66811 
50427 
66812 
50428 
66813 
50429 
66814 
50430 
66815 
50431 
66816 
50432 
66817 
50433 
66818 
50434 
50435 
50436 
50437 
50438 
50439 
50440 
50441 
50442 
50443 
50444 
50445 
50446 
50447 
50448 
50449 
50450 
50451 
50452 
50453 
50454 
50455 
66840 
50456 
66841 
50457 
66842 
50458 
66843 
50459 
66844 
50460 
66845 
50461 
66846 
50462 
66847 
50463 
66848 
50464 
66849 
50465 
66850 
50466 
66851 
50467 
66852 
50468 
66853 
50469 
66854 
50470 
66855 
50471 
66856 
50472 
66857 
50473 
66858 
50474 
66859 
50475 
66860 
50476 
66861 
50477 
66862 
50478 
66863 
50479 
66864 
50480 
66865 
50481 
66866 
50482 
66867 
50483 
50484 
50485 
50486 
50487 
50488 
50489 
50490 
50491 
50492 
50493 
50494 
50495 
50496 
50497 
50498 
50499 
50500 
50501 
50502 
50503 
50504 
66889 
50505 
66890 
50506 
66891 
50507 
66892 
50508 
66893 
50509 
66894 
50510 
66895 
50511 
66896 
50512 
66897 
50513 
66898 
50514 
66899 
50515 
66900 
50516 
66901 
50517 
66902 
50518 
66903 
50519 
66904 
50520 
66905 
50521 
66906 
50522 
66907 
50523 
66908 
50524 
66909 
50525 
66910 
50526 
66911 
50527 
66912 
50528 
66913 
50529 
66914 
50530 
66915 
50531 
66916 
50532 
50533 
50534 
50535 
50536 
50537 
50538 
50539 
50540 
50541 
50542 
50543 
66938 
66939 
66940 
66941 
66942 
66943 
66944 
66945 
66946 
66947 
66948 
66949 
66950 
66951 
66952 
66953 
66954 
66955 
66956 
66957 
66958 
66959 
66960 
66961 
66962 
66963 
66964 
66965 
66987 
66988 
66989 
66990 
66991 
66992 
66993 
66994 
66995 
66996 
66997 
66998 
66999 
67000 
67001 
67002 
67003 
67004 
67005 
67006 
67007 
67008 
67009 
67010 
67011 
67012 
67013 
67014 
67036 
67037 
67038 
67039 
67040 
67041 
67042 
67043 
67044 
67045 
67046 
67047 
67048 
67049 
67050 
67051 
67052 
67053 
67054 
67055 
67056 
67057 
67058 
67059 
67060 
67061 
67062 
67063 
67085 
67086 
67087 
67088 
67089 
67090 
67091 
67092 
67093 
67094 
67095 
67096 
67097 
67098 
67099 
67100 
67101 
67102 
67103 
67104 
67105 
67106 
67107 
67108 
67109 
67110 
67111 
67112 
67134 
67135 
67136 
67137 
67138 
67139 
67140 
67141 
67142 
67143 
67144 
67145 
67146 
67147 
67148 
67149 
67150 
67151 
67152 
67153 
67154 
67155 
67156 
67157 
67158 
67159 
67160 
67161 
67176 
67177 
67178 
67179 
67180 
67181 
67182 
67183 
67184 
67185 
67186 
67187 
67188 
67189 
67211 
67212 
67213 
67214 
67215 
67216 
67217 
67218 
67219 
67220 
67221 
67222 
67223 
67224 
67225 
67226 
67227 
67228 
67229 
67230 
67231 
67232 
67233 
67234 
67235 
67236 
67237 
67238 
67260 
67261 
67262 
67263 
67264 
67265 
67266 
67267 
67268 
67269 
67270 
67271 
67272 
67273 
67274 
67275 
67276 
67277 
67278 
67279 
67280 
67281 
67282 
67283 
67284 
67285 
67286 
67287 
67309 
67310 
67311 
67312 
67313 
67314 
67315 
67316 
67317 
67318 
67319 
67320 
67321 
67322 
67323 
67324 
67325 
67326 
67327 
67328 
67329 
67330 
67331 
67332 
67333 
67334 
67335 
67336 
67358 
67359 
67360 
67361 
67362 
67363 
67364 
67365 
67366 
67367 
67368 
67369 
67370 
67371 
67372 
67373 
67374 
67375 
67376 
67377 
67378 
67379 
67380 
67381 
67382 
67383 
67384 
67385 
67407 
67408 
67409 
67410 
67411 
67412 
67413 
67414 
67415 
67416 
67417 
67418 
67419 
67420 
67421 
67422 
67423 
67424 
67425 
67426 
67427 
67428 
67429 
67430 
67431 
67432 
67433 
67434 
67456 
67457 
67458 
67459 
67460 
67461 
67462 
67463 
67464 
67465 
67466 
67467 
67468 
67469 
67470 
67471 
67472 
67473 
67474 
67475 
67476 
67477 
67478 
67479 
67480 
67481 
67482 
67483 
67505 
67506 
67507 
67508 
67509 
67510 
67511 
67512 
67513 
67514 
67515 
67516 
67517 
67518 
67519 
67520 
67521 
67522 
67523 
67524 
67525 
67526 
67527 
67528 
67529 
67530 
67531 
67532 
67533 
67534 
67535 
67536 
67537 
67538 
67539 
67540 
67541 
67542 
67543 
67544 
67545 
67546 
67561 
67562 
67563 
67564 
67565 
67566 
67567 
67568 
67569 
67570 
67571 
67572 
67573 
67574 
67575 
67576 
67577 
67578 
67579 
67580 
67581 
67610 
67611 
67612 
67613 
67614 
67615 
67616 
67617 
67618 
67619 
67620 
67621 
67622 
67623 
67624 
67625 
67626 
67627 
67628 
67629 
67630 
67659 
67660 
67661 
67662 
67663 
67664 
67665 
67666 
67667 
67668 
67669 
67670 
67671 
67672 
67673 
67674 
67675 
67676 
67677 
67678 
67679 
67708 
67709 
67710 
67711 
67712 
67713 
67714 
67715 
67716 
67717 
67718 
67719 
67720 
67721 
67722 
67723 
67724 
67725 
67726 
67727 
67728 
67757 
67758 
67759 
67760 
67761 
67762 
67763 
67764 
67765 
67766 
67767 
67768 
67769 
67770 
67771 
67772 
67773 
67774 
67775 
67776 
67777 
67806 
67807 
67808 
67809 
67810 
67811 
67812 
67813 
67814 
67815 
67816 
67817 
67818 
67819 
67820 
67821 
67822 
67823 
67824 
67825 
67826 
67855 
67856 
67857 
67858 
67859 
67860 
67861 
67862 
67863 
67864 
67865 
67866 
67867 
67868 
67869 
67870 
67871 
67872 
67873 
67874 
67875 
67904 
67905 
67906 
67907 
67908 
67909 
67910 
67911 
67912 
67913 
67914 
67915 
67916 
67917 
67918 
67919 
67920 
67921 
67922 
67923 
67924 
67953 
67954 
67955 
67956 
67957 
67958 
67959 
67960 
67961 
67962 
67963 
67964 
67965 
67966 
67967 
67968 
67969 
67970 
67971 
67972 
67973 
68002 
68003 
68004 
68005 
68006 
68007 
68008 
68009 
68010 
68011 
68012 
68013 
68014 
68015 
68016 
68017 
68018 
68019 
68020 
68021 
68022 
68051 
68052 
68053 
68054 
68055 
68056 
68057 
68058 
68059 
68060 
68061 
68062 
68063 
68064 
68065 
68066 
68067 
68068 
68069 
68070 
68071 
68100 
68101 
68102 
68103 
68104 
68105 
68106 
68107 
68108 
68109 
68110 
68111 
68112 
68113 
68114 
68115 
68116 
68117 
68118 
68119 
68120 
68149 
68150 
68151 
68152 
68153 
68154 
68155 
68156 
68157 
68158 
68159 
68160 
68161 
68162 
68163 
68164 
68165 
68166 
68167 
68168 
68169 
68198 
68199 
68200 
68201 
68202 
68203 
68204 
68205 
68206 
68207 
68208 
68209 
68210 
68211 
68212 
68213 
68214 
68215 
68216 
68217 
68218 
68247 
68248 
68249 
68250 
68251 
68252 
68253 
68254 
68255 
68256 
68257 
68258 
68259 
68260 
68261 
68262 
68263 
68264 
68265 
68266 
68267 
68296 
68297 
68298 
68299 
68300 
68301 
68302 
68303 
68304 
68305 
68306 
68307 
68308 
68309 
68310 
68311 
68312 
68313 
68314 
68315 
68316 
68345 
68346 
68347 
68348 
68349 
68350 
68351 
68352 
68353 
68354 
68355 
68356 
68357 
68358 
68359 
68360 
68361 
68362 
68363 
68364 
68365 
68394 
68395 
68396 
68397 
68398 
68399 
68400 
68401 
68402 
68403 
68404 
68405 
68406 
68407 
68408 
68409 
68410 
68411 
68412 
68413 
68414 
68443 
68444 
68445 
68446 
68447 
68448 
68449 
68450 
68451 
68452 
68453 
68454 
68455 
68456 
68471 
68472 
68473 
68474 
68475 
68476 
68477 
68478 
68479 
68480 
68481 
68482 
68483 
68484 
68485 
68486 
68487 
68488 
68489 
68490 
68491 
68520 
68521 
68522 
68523 
68524 
68525 
68526 
68527 
68528 
68529 
68530 
68531 
68532 
68533 
68534 
68535 
68536 
68537 
68538 
68539 
68540 
68569 
68570 
68571 
68572 
68573 
68574 
68575 
68576 
68577 
68578 
68579 
68580 
68581 
68582 
68583 
68584 
68585 
68586 
68587 
68588 
68589 
68618 
68619 
68620 
68621 
68622 
68623 
68624 
68625 
68626 
68627 
68628 
68629 
68630 
68631 
68632 
68633 
68634 
68635 
68636 
68637 
68638 
68667 
68668 
68669 
68670 
68671 
68672 
68673 
68674 
68675 
68676 
68677 
68678 
68679 
68680 
68681 
68682 
68683 
68684 
68685 
68686 
68687 
68716 
68717 
68718 
68719 
68720 
68721 
68722 
68723 
68724 
68725 
68726 
68727 
68728 
68729 
68730 
68731 
68732 
68733 
68734 
68735 
68736 
68765 
68766 
68767 
68768 
68769 
68770 
68771 
68772 
68773 
68774 
68775 
68776 
68777 
68778 
68779 
68780 
68781 
68782 
68783 
68784 
68785 
52808 
52809 
52810 
52811 
52815 
52816 
52817 
52818 
52822 
52823 
52824 
52825 
52829 
52830 
52831 
52834 
52835 
52837 
52838 
52840 
52841 
52843 
52844 
52846 
52847 
52849 
52850 
52852 
52853 
52856 
52857 
52861 
52862 
52863 
52867 
52868 
52869 
52870 
52874 
52875 
52876 
52877 
52881 
52882 
52883 
52884 
52888 
52889 
52890 
52891 
52895 
52896 
52897 
52899 
52900 
52902 
52903 
52905 
52908 
52910 
52911 
52913 
52914 
52918 
52919 
52920 
52924 
52925 
52926 
52927 
52930 
52931 
52932 
52934 
52935 
52937 
52938 
52940 
52941 
52943 
52944 
52947 
52948 
52949 
52950 
52951 
52952 
52957 
52958 
52959 
52964 
52965 
52966 
52971 
52972 
52976 
52979 
52982 
52985 
52988 
52991 
52994 
52997 
53000 
53001 
53005 
53006 
53007 
53012 
53013 
53014 
53019 
53020 
53021 
53026 
53027 
53028 
53033 
53034 
53038 
53041 
53045 
53047 
53050 
53053 
53054 
53058 
53059 
53060 
53065 
53066 
53070 
53073 
53076 
53079 
53082 
53083 
53666 
53667 
53668 
53669 
53673 
53674 
53675 
53676 
53680 
53681 
53682 
53683 
53687 
53688 
53689 
53690 
53694 
53695 
53696 
53697 
53701 
53702 
53703 
53704 
53708 
53709 
53710 
53711 
53715 
53716 
53717 
53718 
53722 
53723 
53724 
53725 
53771 
53772 
53773 
53774 
53778 
53779 
53780 
53781 
70168 
70169 
70170 
70171 
70172 
70173 
70174 
70179 
70180 
70181 
70193 
70194 
70195 
70196 
53812 
70197 
53813 
70198 
53814 
70199 
53815 
70200 
70201 
70202 
70203 
70204 
70205 
70206 
70221 
70222 
53838 
70223 
53839 
70224 
53840 
70225 
70226 
70227 
53845 
53846 
53847 
70235 
70236 
53852 
70237 
53853 
70238 
53854 
70239 
70240 
70241 
70242 
70243 
53859 
70244 
53860 
70245 
53861 
70246 
70247 
70248 
70249 
70250 
53866 
70251 
53867 
70252 
53868 
70253 
70254 
70255 
70256 
70257 
53873 
70258 
53874 
70259 
53875 
70260 
70261 
70262 
70263 
70264 
53880 
70265 
53881 
70266 
53882 
70267 
70268 
70269 
70270 
70271 
53887 
70272 
53888 
70273 
53889 
70274 
70275 
70276 
70277 
70278 
53894 
70279 
53895 
70280 
53896 
70281 
70282 
70283 
70284 
70285 
53901 
70286 
53902 
70287 
53903 
70288 
53904 
70289 
53905 
70290 
53906 
70291 
53907 
70292 
53908 
70293 
53909 
70294 
53910 
70295 
53911 
70296 
53912 
70297 
53913 
70298 
53914 
70299 
53915 
70300 
53916 
70301 
53917 
70302 
53918 
70303 
53919 
70304 
53920 
70305 
53921 
70306 
53922 
70307 
53923 
70308 
53924 
70309 
53925 
70310 
53926 
70311 
53927 
70312 
53928 
70313 
53929 
70314 
53930 
70315 
53931 
70316 
53932 
70317 
53933 
70318 
53934 
70319 
53935 
70320 
53936 
70321 
53937 
70322 
53938 
70323 
53939 
70324 
53940 
70325 
53941 
70326 
53942 
70327 
53943 
70328 
53944 
70329 
53945 
70330 
53946 
70331 
53947 
70332 
53948 
70333 
53949 
70334 
53950 
70335 
53951 
70336 
53952 
70337 
53953 
70338 
53954 
70339 
53955 
70340 
53956 
70341 
53957 
70342 
53958 
70343 
53959 
70344 
70345 
70346 
70347 
70348 
53964 
70349 
53965 
70350 
53966 
70351 
70352 
70353 
70354 
70355 
53971 
70356 
53972 
70357 
53973 
70358 
53974 
70359 
53975 
70360 
53976 
70361 
53977 
70362 
53978 
70363 
53979 
70364 
53980 
70365 
53981 
70366 
53982 
70367 
53983 
70368 
53984 
70369 
53985 
70370 
53986 
70371 
53987 
70372 
53988 
70373 
53989 
70374 
53990 
70375 
53991 
70376 
53992 
70377 
53993 
70378 
53994 
70379 
53995 
70380 
53996 
70381 
53997 
70382 
53998 
70383 
53999 
70384 
54000 
70385 
54001 
70386 
54002 
70387 
70388 
70389 
70390 
70391 
54007 
70392 
54008 
70393 
54009 
70394 
54010 
70395 
54011 
70396 
54012 
70397 
54013 
70398 
54014 
70399 
54015 
70400 
54016 
70401 
54017 
70402 
54018 
70403 
54019 
70404 
54020 
70405 
54021 
70406 
54022 
70407 
54023 
70408 
54024 
70409 
54025 
70410 
54026 
70411 
54027 
70412 
54028 
70413 
70414 
70415 
70416 
70417 
70418 
70419 
70420 
70421 
70422 
70423 
70424 
70425 
70426 
70427 
70428 
70429 
70430 
70431 
70432 
70433 
70434 
70435 
70436 
70437 
70438 
70439 
70440 
70441 
70442 
70443 
70444 
70445 
70446 
70447 
70448 
70449 
70450 
70451 
70452 
70453 
70454 
70455 
70456 
70457 
70458 
70459 
70460 
70461 
70462 
70463 
70464 
70465 
70466 
70467 
70468 
70469 
70470 
70471 
70472 
70473 
70474 
70475 
70476 
70477 
70478 
70479 
70480 
70481 
70482 
70483 
70484 
70485 
70486 
70487 
70488 
70489 
70490 
70491 
70492 
70493 
70494 
70495 
70496 
70497 
70498 
70499 
70500 
70501 
70502 
70503 
70504 
70505 
70506 
70507 
70508 
70509 
70510 
70511 
70512 
70513 
70514 
70515 
70516 
70517 
70518 
70519 
70520 
70521 
70522 
70523 
70524 
70525 
70526 
70527 
70528 
70529 
70530 
70531 
70532 
70533 
70534 
70535 
70536 
70537 
70538 
70539 
70540 
70541 
70542 
70543 
70544 
70545 
70546 
70547 
70548 
70549 
70550 
70551 
70552 
70553 
70554 
70555 
70556 
70557 
70558 
70559 
70560 
70561 
70562 
70563 
70564 
70565 
70566 
70567 
70568 
70569 
70570 
70571 
70572 
70573 
70574 
70575 
70576 
70577 
70578 
70579 
70580 
70581 
70582 
70583 
70584 
70585 
70586 
70587 
70588 
70589 
70590 
70591 
70592 
70593 
70594 
70595 
70596 
70597 
70598 
70599 
70600 
70601 
70602 
70603 
70604 
70605 
70606 
70607 
70608 
70609 
70610 
70611 
70612 
70613 
70614 
70615 
70616 
70617 
70618 
70619 
70620 
70621 
70622 
70623 
70624 
70625 
70626 
70627 
70628 
70629 
70630 
70631 
70632 
70633 
70634 
70635 
70636 
70637 
70638 
70639 
70640 
70641 
70642 
70643 
70644 
70645 
70646 
70647 
70648 
70649 
70650 
70651 
70652 
70653 
70654 
70655 
70656 
70657 
70658 
70659 
70660 
70661 
70662 
70663 
70664 
70665 
70666 
70667 
70668 
70669 
70670 
70671 
70672 
70673 
70674 
70675 
70676 
70677 
70678 
70679 
70680 
70681 
70682 
70683 
70684 
70685 
70686 
70687 
70688 
70689 
70690 
70691 
70692 
70693 
70694 
70695 
70696 
70697 
70698 
70699 
70700 
70701 
70702 
70703 
70704 
70705 
70706 
70707 
70708 
70709 
70710 
70711 
70712 
70713 
70714 
70715 
70716 
70717 
70718 
70719 
70720 
70721 
70722 
70723 
70724 
70725 
70726 
70727 
70728 
70729 
70730 
70731 
70732 
70733 
70734 
70735 
70736 
70737 
70738 
70739 
70740 
70741 
70742 
70743 
70744 
70745 
70746 
70747 
70748 
70749 
70750 
70751 
70752 
70753 
70754 
70755 
70756 
70757 
70758 
70759 
70760 
70761 
70762 
70763 
70764 
70765 
70766 
70767 
70768 
70769 
70770 
70771 
70772 
70773 
70774 
70775 
70776 
70777 
70778 
70779 
70780 
70781 
70782 
70783 
70784 
70785 
70786 
70787 
70788 
70789 
70790 
70791 
70792 
70793 
70794 
70795 
70796 
70797 
70798 
70799 
70800 
70801 
70802 
70803 
70804 
70805 
70806 
70807 
70808 
70809 
70810 
70811 
70812 
70813 
70814 
70815 
70816 
70817 
70818 
70819 
70820 
70821 
70822 
70823 
70824 
70825 
70826 
70827 
70828 
70829 
70830 
70831 
70832 
70833 
70834 
70835 
70836 
70837 
70838 
70839 
70840 
70841 
70842 
70843 
70844 
70845 
70846 
70847 
70848 
70849 
70850 
70851 
70852 
70853 
70854 
70855 
70856 
70857 
70858 
70859 
70860 
70861 
70862 
70863 
70864 
70865 
70866 
70867 
70868 
70869 
70870 
70871 
70872 
70873 
70874 
70875 
70876 
70877 
70878 
70879 
70880 
70881 
70882 
70883 
70884 
70885 
70886 
70887 
70888 
70889 
70890 
70891 
70892 
70893 
70894 
70895 
70896 
70897 
70898 
70899 
70900 
70901 
70902 
70903 
70904 
70905 
70906 
70907 
70908 
70909 
70910 
70911 
70912 
70913 
70914 
70915 
70916 
70917 
70918 
70919 
70920 
70921 
70922 
70923 
70924 
70925 
70926 
70927 
70928 
70929 
70930 
70931 
70932 
70933 
70934 
70935 
70936 
70937 
70938 
70939 
70940 
70941 
70942 
70943 
70944 
70945 
70946 
70947 
70948 
70949 
70950 
70951 
70952 
70953 
70954 
70955 
70956 
70957 
70958 
70959 
70960 
70961 
70962 
70963 
70964 
70965 
70966 
70967 
70968 
70969 
70970 
70971 
70972 
70973 
70974 
70975 
70976 
70977 
70978 
70979 
70980 
70981 
70982 
70983 
70984 
70985 
70986 
70987 
70988 
70989 
70990 
70991 
70992 
70993 
70994 
70995 
70996 
70997 
70998 
70999 
71000 
71001 
71002 
71003 
71004 
71005 
71006 
71007 
71008 
71009 
71010 
71011 
71012 
71013 
71014 
71015 
71016 
71017 
71018 
71019 
71020 
71021 
71022 
71023 
71024 
71025 
71026 
71027 
71028 
71029 
71030 
71031 
71032 
71033 
71034 
71035 
71036 
71037 
71038 
71039 
71040 
71041 
71042 
71043 
71044 
71045 
71046 
71047 
71048 
71049 
71050 
71051 
71052 
71053 
71054 
71055 
71056 
71057 
71058 
71059 
71060 
71061 
71062 
71063 
71064 
71065 
71066 
71067 
71068 
71069 
71070 
71071 
71072 
71073 
71074 
71075 
71076 
71077 
71078 
71079 
71080 
71081 
71082 
71083 
71084 
71085 
71086 
71087 
71088 
71089 
71090 
71091 
71092 
71093 
71094 
71095 
71096 
71097 
71098 
71099 
71100 
71101 
71102 
71103 
71104 
71105 
71106 
71107 
71108 
71109 
71110 
71111 
71112 
71113 
71114 
71115 
71116 
71117 
71118 
71119 
71120 
71121 
71122 
71123 
71124 
71125 
71126 
71127 
71128 
71129 
71130 
71131 
71132 
71133 
71134 
71135 
71136 
71137 
71138 
71139 
71140 
71141 
71142 
71143 
71144 
71145 
71146 
71147 
71148 
71149 
71150 
71151 
71152 
71153 
71154 
71155 
71156 
71157 
71158 
71159 
71160 
71161 
71162 
71163 
71164 
71165 
71166 
71167 
71168 
71169 
71170 
71171 
71172 
71173 
71174 
71175 
71176 
71177 
71178 
71179 
71180 
71181 
71182 
71183 
71184 
71185 
71186 
71187 
71188 
71189 
71190 
71191 
71192 
71193 
71194 
71195 
71196 
71197 
71198 
71199 
71200 
71201 
71202 
71203 
71204 
71205 
71206 
71207 
71208 
71209 
71210 
71211 
71212 
71213 
71214 
71215 
71216 
71217 
71218 
71219 
71220 
71221 
71222 
71223 
71224 
71225 
71226 
71227 
71228 
71229 
71230 
71231 
71232 
71233 
71234 
71235 
71236 
71237 
71238 
71239 
71240 
71241 
71242 
71243 
71244 
71245 
71246 
71247 
71248 
71249 
71250 
71251 
71252 
71253 
71254 
71255 
71256 
71257 
71258 
71259 
71260 
71261 
71262 
71263 
71264 
71265 
71266 
71267 
71268 
71269 
71270 
71271 
71272 
71273 
71274 
71275 
71276 
71277 
71278 
71279 
71280 
71281 
71282 
71283 
71284 
71285 
71286 
71287 
71288 
71289 
71290 
71291 
71292 
71293 
71294 
71295 
71296 
71297 
71298 
71299 
71300 
71301 
71302 
71303 
71304 
71305 
71306 
71307 
71308 
71309 
71310 
71311 
71312 
71313 
71314 
71315 
71316 
71317 
71318 
71319 
71320 
71321 
71322 
71323 
71324 
71325 
71326 
71327 
71328 
71329 
71330 
71331 
71332 
71333 
71334 
71335 
71336 
71337 
71338 
71339 
71340 
71341 
71342 
71343 
71344 
71345 
71346 
71347 
71348 
71349 
71350 
71351 
71352 
71353 
71354 
71355 
71356 
71357 
71358 
71359 
71360 
71361 
71362 
71363 
71364 
71365 
71366 
71367 
71368 
71369 
71370 
71371 
71372 
71373 
71374 
71375 
71376 
71377 
71378 
71379 
71380 
71381 
71382 
71383 
71384 
71385 
71386 
71387 
71388 
71389 
71390 
71391 
71392 
71393 
71394 
71395 
71396 
71397 
71398 
71399 
71400 
71401 
71402 
71403 
71404 
71405 
71406 
71407 
71408 
71409 
71410 
71411 
71412 
71413 
71414 
71415 
71416 
71417 
71418 
71419 
71420 
71421 
71422 
71423 
71424 
71425 
71426 
71427 
71428 
71429 
71430 
71431 
71432 
71433 
71434 
71435 
71436 
71437 
71438 
71439 
71440 
71441 
71442 
71443 
71444 
71445 
71446 
71447 
71448 
71449 
71450 
71451 
71452 
71453 
71454 
71455 
71456 
71457 
71458 
71459 
71460 
71461 
71462 
71463 
71464 
71465 
71466 
71467 
71468 
71469 
71470 
71471 
71472 
71473 
71474 
71475 
71476 
71477 
71478 
71479 
71480 
71481 
71482 
71483 
71484 
71485 
71486 
71487 
71488 
71489 
71490 
71491 
71492 
71493 
71494 
71495 
71496 
71497 
71498 
71499 
71500 
71501 
71502 
71503 
71504 
71505 
71506 
71507 
71508 
71509 
71510 
71511 
71512 
71513 
71514 
71515 
71516 
71517 
71518 
71519 
71520 
71521 
71522 
71523 
71524 
71525 
71526 
71527 
71528 
71529 
71530 
71531 
71532 
71533 
71534 
71535 
71536 
71537 
71538 
71539 
71540 
71541 
71542 
71543 
71544 
71545 
71546 
71547 
71548 
71549 
71550 
71551 
71552 
71553 
71554 
71555 
71556 
71557 
71558 
71559 
71560 
71561 
71562 
71563 
71564 
71565 
71566 
71567 
71568 
71569 
71570 
71571 
71572 
71573 
71574 
71575 
71576 
71577 
71578 
71579 
71580 
71581 
71582 
71583 
71584 
71585 
71586 
71587 
71588 
71589 
71590 
71591 
71592 
71593 
71594 
71595 
71596 
71597 
71598 
71599 
71600 
71601 
71602 
71603 
71604 
71605 
71606 
71607 
71608 
71609 
71610 
71611 
71612 
71613 
71614 
71615 
71616 
71617 
71618 
71619 
71620 
71621 
71622 
71623 
71624 
71625 
71626 
71627 
71628 
71629 
71630 
71631 
71632 
71633 
71634 
71635 
71636 
71637 
71638 
71639 
71640 
71641 
71642 
71643 
71644 
71645 
71646 
71647 
71648 
71649 
71650 
71651 
71652 
71653 
71654 
71655 
71656 
71657 
71658 
71659 
71660 
71661 
71662 
71663 
71664 
71665 
71666 
71667 
71668 
71669 
71670 
71671 
71672 
71673 
71674 
71675 
71676 
71677 
71678 
71679 
71680 
71681 
71682 
71683 
71684 
71685 
71686 
71687 
71688 
71689 
71690 
71691 
71692 
71693 
71694 
71695 
71696 
71697 
71698 
71699 
71700 
71701 
71702 
71703 
71704 
71705 
71706 
71707 
71708 
71709 
71710 
71711 
71712 
71713 
71714 
71715 
71716 
71717 
71718 
71719 
71720 
71721 
71722 
71723 
71724 
71725 
71726 
71727 
71728 
71729 
71730 
71731 
71732 
71733 
71734 
71735 
71736 
71737 
71738 
71739 
71740 
71741 
71742 
71743 
71744 
71745 
71746 
71747 
71748 
71749 
71750 
71751 
71752 
71753 
71754 
71755 
71756 
71757 
71758 
71759 
71760 
71761 
71762 
71763 
71764 
71765 
71766 
71767 
71768 
71769 
71770 
71771 
71772 
71773 
71774 
71775 
71776 
71777 
71778 
71779 
71780 
71781 
71782 
71783 
71784 
71785 
71786 
71787 
71788 
71789 
71790 
71791 
71792 
71793 
71794 
71795 
71796 
71797 
71798 
71799 
71800 
71801 
71802 
71803 
71804 
71805 
71806 
71807 
71808 
71809 
71810 
71811 
71812 
71813 
71814 
71815 
71816 
71817 
71818 
71819 
71820 
71821 
71822 
71823 
71824 
71825 
71826 
71827 
71828 
71829 
71830 
71831 
71832 
71833 
71834 
71835 
71836 
71837 
71838 
71839 
71840 
71841 
71842 
71843 
71844 
71845 
71846 
71847 
71848 
71849 
71850 
71851 
71852 
71853 
71854 
71855 
71856 
71857 
71858 
71859 
71860 
71861 
71862 
71863 
71864 
71865 
71866 
71867 
71868 
71869 
71870 
71871 
71872 
71873 
71874 
71875 
71876 
71877 
71878 
71879 
71880 
71881 
71882 
71883 
71884 
71885 
71886 
71887 
71888 
71889 
71890 
71891 
71892 
71893 
71894 
71895 
71896 
71897 
71898 
71899 
71900 
71901 
71902 
71903 
71904 
71905 
71906 
71907 
71908 
71909 
71910 
71911 
71912 
71913 
71914 
71915 
71916 
71917 
71918 
71919 
71920 
71921 
71922 
71923 
71924 
71925 
71926 
71927 
71928 
71929 
71930 
71931 
71932 
71933 
71934 
71935 
71936 
71937 
71938 
71939 
71940 
71941 
71942 
71943 
71944 
71945 
71946 
71947 
71948 
71949 
71950 
71951 
71952 
71953 
71954 
71955 
71956 
71957 
71958 
71959 
71960 
71961 
71962 
71963 
71964 
71965 
71966 
71967 
71968 
71969 
71970 
71971 
71972 
71973 
71974 
55776 
55777 
55778 
55779 
55780 
55781 
55782 
55783 
55784 
55785 
55786 
55787 
55788 
55789 
55804 
55805 
55806 
55807 
55808 
55809 
55810 
55811 
55812 
55813 
55814 
55815 
55816 
55817 
55831 
55832 
55833 
55834 
55835 
55836 
55837 
55838 
55839 
55848 
55849 
55850 
55851 
55852 
55853 
55854 
55855 
55856 
55857 
55858 
55859 
55860 
55861 
55862 
55863 
55864 
55865 
55866 
55867 
55868 
55869 
55885 
55886 
55887 
55888 
55889 
55890 
55891 
55892 
55893 
55894 
55895 
55896 
55897 
55898 
55899 
55900 
55901 
55914 
55915 
55916 
55917 
55918 
55919 
55920 
55921 
55922 
55923 
55924 
55925 
55926 
55927 
55939 
55940 
55941 
55942 
55943 
55944 
55945 
55946 
55947 
55948 
55949 
55950 
55951 
55952 
55964 
55965 
55966 
55967 
55968 
55969 
55970 
55971 
55972 
55973 
55974 
55975 
55976 
55977 
55990 
55991 
55992 
55993 
55994 
55995 
55996 
55997 
55998 
55999 
56000 
56001 
56002 
56003 
56019 
56020 
56021 
56022 
56023 
56024 
56025 
56026 
56027 
56028 
56029 
56030 
56031 
56032 
56033 
56034 
56035 
56044 
56045 
56046 
56047 
56048 
56049 
56050 
56051 
56052 
56053 
56054 
56055 
56056 
56057 
56058 
56059 
56060 
56061 
56062 
56063 
56064 
56065 
56079 
56080 
56081 
56082 
56083 
56084 
56085 
56086 
56087 
56102 
56103 
56104 
56105 
56106 
56107 
56108 
56109 
56110 
56111 
56112 
56113 
56114 
56115 
56123 
56124 
56125 
56126 
56127 
56128 
56129 
56130 
56131 
56132 
56133 
56134 
56135 
56136 
56144 
56145 
56146 
56147 
56148 
56149 
56150 
56164 
56165 
56166 
56167 
56168 
56169 
56170 
56171 
56172 
56173 
56174 
56175 
56176 
56191 
56192 
56193 
56194 
56195 
56196 
56197 
56198 
56199 
56200 
56201 
56202 
56203 
56204 
56205 
56206 
56207 
56208 
56209 
56210 
56217 
56218 
56219 
56220 
56221 
56222 
56223 
56224 
56225 
56226 
56227 
56231 
56232 
56233 
56234 
56235 
56240 
56241 
56242 
56243 
56244 
56252 
56253 
56254 
56255 
56256 
56257 
56258 
56259 
56260 
56261 
56262 
56270 
56271 
56272 
56273 
56274 
56275 
56276 
56277 
56278 
56279 
56280 
56281 
56282 
56283 
56284 
56285 
56286 
56287 
56288 
56289 
56303 
56304 
56305 
56306 
56307 
56308 
56309 
56310 
56311 
56312 
56313 
56314 
56315 
56323 
56324 
56325 
56326 
56327 
56328 
56329 
56336 
56337 
56338 
56339 
56340 
56341 
56353 
56354 
56355 
56356 
56357 
56358 
56359 
56360 
56361 
56362 
56363 
56364 
56365 
56366 
56367 
56368 
56369 
56370 
56374 
56375 
56376 
56377 
56378 
56379 
56380 
56381 
56387 
56388 
56389 
56390 
56391 
56392 
56393 
56394 
56406 
56407 
56408 
56409 
56410 
56411 
56412 
56413 
56414 
56415 
56416 
56417 
56418 
56419 
56420 
56421 
56422 
56423 
56430 
56431 
56432 
56433 
56434 
56435 
56436 
56437 
56438 
56439 
56440 
56441 
56442 
56443 
56444 
56445 
56446 
56447 
56448 
56449 
56464 
56465 
56466 
56467 
56468 
56469 
56470 
56471 
56472 
56473 
56474 
56475 
56476 
56477 
56492 
56493 
56494 
56495 
56496 
56497 
56498 
56499 
56500 
56510 
56511 
56512 
56513 
56514 
56515 
56516 
56517 
56518 
56519 
56520 
56521 
56522 
56523 
56524 
56547 
56548 
56549 
56550 
56551 
56552 
56553 
56554 
56555 
56572 
56573 
56574 
56575 
56576 
56577 
56578 
56593 
56594 
56595 
56596 
56597 
56598 
56599 
56614 
56615 
56616 
56617 
56618 
56619 
56620 
56635 
56636 
56637 
56638 
56639 
56640 
56641 
56656 
56657 
56658 
56659 
56660 
56661 
56662 
56663 
56664 
56681 
56682 
56683 
56684 
56685 
56686 
56687 
56688 
56689 
56690 
56691 
56692 
56693 
56694 
56695 
56718 
56719 
56720 
56721 
56722 
56723 
56724 
56725 
56726 
56736 
56737 
56738 
56739 
56740 
56741 
56742 
56743 
56744 
56745 
56746 
56747 
56748 
56749 
56764 
56765 
56766 
56767 
56768 
56769 
56770 
56771 
56772 
56773 
56774 
56775 
56776 
56777 
56792 
56793 
56794 
56795 
56796 
56797 
56798 
56806 
56807 
56808 
56809 
56810 
56811 
56812 
56813 
56814 
56815 
56816 
56817 
56818 
56832 
56833 
56834 
56835 
56836 
56837 
56838 
56839 
56840 
56841 
56842 
56861 
56862 
56863 
56874 
56875 
56881 
56882 
56883 
56889 
56890 
56891 
56892 
56893 
56894 
56895 
56906 
56907 
56908 
56909 
56910 
56911 
56912 
56913 
56914 
56915 
56916 
56935 
56936 
56937 
56938 
56939 
56940 
56941 
56942 
56943 
56944 
56945 
56946 
56947 
56961 
56962 
56963 
56964 
56965 
56966 
56967 
56975 
56976 
56977 
56978 
56979 
56980 
56987 
56988 
56989 
56990 
56991 
56992 
56993 
56994 
56995 
56996 
56997 
57016 
57017 
57018 
57027 
57028 
57029 
57030 
57031 
57040 
57041 
57042 
57043 
57044 
57045 
57046 
57047 
57048 
57049 
57050 
57069 
57070 
57071 
57072 
57073 
57074 
73578 
73579 
73580 
73581 
73582 
73583 
73584 
73585 
73586 
73587 
73588 
73589 
73590 
73591 
73592 
73593 
73594 
73595 
73596 
73597 
73598 
73599 
73600 
73601 
73602 
73603 
73604 
73605 
73606 
73607 
73608 
73653 
73654 
73655 
73656 
73657 
73658 
73659 
73660 
73661 
73662 
73663 
73664 
73665 
73666 
73667 
73668 
73669 
73670 
73671 
73672 
73673 
73674 
73675 
73676 
73677 
73678 
73679 
73680 
73681 
73682 
73683 
73684 
73685 
73686 
73728 
73729 
73730 
73731 
73732 
73733 
73734 
73735 
73736 
73737 
73738 
73739 
73740 
73741 
73742 
73743 
73744 
73745 
73746 
73747 
73748 
73749 
73790 
73791 
73792 
73793 
73794 
73795 
73796 
73797 
73798 
73799 
73800 
73801 
73802 
73803 
73804 
73805 
73817 
73818 
73819 
73820 
73821 
73822 
73823 
73824 
73825 
73826 
73827 
73828 
73829 
73830 
73831 
73832 
73833 
73834 
73835 
73836 
73837 
73838 
73839 
73840 
73841 
73842 
73843 
73844 
73845 
73846 
73847 
73848 
73849 
73850 
73851 
73852 
73853 
73854 
73855 
73856 
73857 
73858 
73859 
73860 
73861 
73862 
73863 
73864 
73865 
73866 
73867 
73868 
73869 
73870 
73871 
73872 
73873 
73874 
73875 
73876 
73877 
73878 
73879 
73880 
73881 
73882 
73883 
73884 
73885 
73886 
73887 
73888 
73889 
73890 
73891 
73892 
73893 
73894 
73895 
73896 
73897 
73898 
73899 
73900 
73901 
73902 
73903 
73904 
73905 
73906 
73907 
73908 
73909 
73910 
73911 
73912 
73913 
73914 
73915 
73916 
73917 
73918 
73919 
73920 
73921 
73922 
73923 
73924 
73925 
73926 
73927 
73928 
73929 
73930 
73931 
73932 
73933 
73934 
73935 
73936 
73937 
73938 
73939 
73940 
73941 
73942 
73943 
73944 
73945 
73946 
73947 
73948 
73949 
73950 
73951 
73952 
73953 
73954 
73955 
73956 
73957 
73958 
73959 
73960 
73961 
73962 
73963 
73964 
73965 
73966 
73967 
73968 
73969 
73970 
73971 
73972 
73973 
73974 
73975 
73976 
73977 
73978 
73979 
73980 
73981 
73982 
73983 
73984 
73985 
73986 
73987 
73988 
73989 
73990 
73991 
73992 
73993 
73994 
73995 
73996 
73997 
73998 
73999 
74000 
74001 
74002 
74003 
74004 
74005 
74006 
74007 
74008 
74009 
74010 
74011 
74012 
74013 
74014 
74015 
74016 
74017 
74018 
74019 
74020 
74021 
74022 
74023 
74024 
74025 
74026 
74027 
74028 
74029 
74030 
74031 
74032 
74033 
74034 
74035 
74036 
74037 
74038 
74039 
74040 
74041 
74042 
74043 
74044 
74045 
74046 
74047 
74048 
74049 
74050 
74051 
74052 
74053 
74054 
74055 
74056 
74057 
74058 
74059 
74060 
74061 
74062 
74063 
74064 
74065 
74066 
74067 
74068 
74069 
74070 
74071 
74072 
74073 
74074 
74075 
74076 
74077 
74078 
74079 
74080 
74081 
74082 
74083 
74084 
74085 
74086 
74087 
74088 
74089 
74090 
74091 
74092 
74093 
74094 
74095 
74096 
74097 
74098 
74099 
74100 
74101 
74102 
74103 
74104 
74105 
74106 
74107 
74108 
74109 
74110 
74111 
74112 
74113 
74114 
74115 
74116 
74117 
74118 
74119 
74120 
74121 
74122 
74123 
74124 
74125 
74126 
74127 
74128 
74129 
74130 
74131 
74132 
74133 
74134 
74135 
74136 
74137 
74138 
74139 
74140 
74141 
74142 
74143 
74144 
74145 
74146 
74147 
74148 
74149 
74150 
74151 
74152 
74153 
74154 
74155 
74156 
74157 
74158 
74159 
74160 
74161 
74162 
74163 
74164 
74165 
74166 
74167 
74168 
74169 
74170 
74171 
74172 
74173 
74174 
74175 
74176 
74177 
74178 
74179 
74180 
74181 
74182 
74183 
74184 
74185 
74186 
74187 
74188 
74189 
74190 
74191 
74192 
74193 
74194 
74195 
74196 
74197 
74198 
74199 
74200 
74201 
74202 
74203 
74204 
74205 
74206 
74207 
74208 
74209 
74210 
74211 
74212 
74213 
74214 
74215 
74216 
74217 
74218 
74219 
74220 
74221 
74222 
74223 
74224 
74225 
74226 
74227 
74228 
74229 
74230 
74231 
74232 
74233 
74234 
74235 
74236 
74237 
74238 
74239 
74240 
74241 
74242 
74243 
74244 
74245 
74246 
74247 
74248 
74249 
74250 
74251 
74252 
74253 
74254 
74255 
74256 
74257 
74258 
74259 
74260 
74261 
74262 
74263 
74264 
74265 
74266 
74267 
74268 
74269 
74270 
74271 
74272 
74273 
74274 
74275 
74276 
74277 
74278 
74279 
74280 
74281 
74282 
74283 
74284 
74285 
74286 
74287 
74288 
74289 
74290 
74291 
74292 
74293 
74294 
74295 
74296 
74297 
74298 
74299 
74300 
74301 
74302 
74303 
74304 
74305 
74306 
74307 
74308 
74309 
74310 
74311 
74312 
74313 
74314 
74315 
74316 
74317 
74318 
74319 
74320 
74321 
74322 
74323 
74324 
74325 
74326 
74327 
74328 
74329 
74330 
74331 
74332 
74333 
74334 
74335 
74336 
74337 
74338 
74339 
74340 
74341 
74342 
74343 
74344 
74345 
74346 
74347 
74348 
74349 
74350 
74351 
74352 
74353 
74354 
74355 
74356 
74357 
74358 
74359 
74360 
74361 
74362 
74363 
74364 
74365 
74366 
74367 
74368 
74369 
74370 
74371 
74372 
74373 
74374 
74375 
74376 
74377 
74378 
74379 
74380 
74381 
74382 
74383 
74384 
74385 
74386 
74387 
74388 
74389 
74390 
74391 
74392 
74393 
74394 
74395 
74396 
74397 
74398 
74399 
74400 
74401 
74402 
74403 
74404 
74405 
74406 
74407 
74408 
74409 
74410 
74411 
74412 
74413 
74414 
74415 
74416 
74417 
74418 
74419 
74420 
74421 
74422 
74423 
74424 
74425 
74426 
74427 
74428 
74429 
74430 
74431 
74432 
74433 
74434 
74435 
74436 
74437 
74438 
74439 
74440 
74441 
74442 
74443 
74444 
74445 
74446 
74447 
74448 
74449 
74450 
74451 
74452 
74453 
74454 
74455 
74456 
74457 
74458 
74459 
74460 
74461 
74462 
74463 
74464 
74465 
74466 
74467 
74468 
74469 
74470 
74471 
74472 
74473 
74474 
74475 
74476 
74477 
74478 
74479 
74480 
74481 
74482 
74483 
74484 
74485 
74486 
74487 
74488 
74489 
74490 
74491 
74492 
74493 
74494 
74495 
74496 
74497 
74498 
74499 
74500 
74501 
74502 
74503 
74504 
74505 
74506 
74507 
74508 
74509 
74510 
74511 
74512 
74513 
74514 
74515 
74516 
74517 
74518 
74519 
74520 
74521 
74522 
74523 
74524 
74525 
74526 
74527 
74528 
74529 
74530 
74531 
74532 
74533 
74534 
74535 
74536 
74537 
74538 
74539 
74540 
74541 
74542 
74543 
74544 
74545 
74546 
74547 
74548 
74549 
74550 
74551 
74552 
74553 
74554 
74555 
74556 
74557 
74558 
74559 
74560 
74561 
74562 
74563 
74564 
74565 
74566 
74567 
74568 
74569 
74570 
74571 
74572 
74573 
74574 
74575 
74576 
74577 
74578 
74579 
74580 
74581 
74582 
74583 
74584 
74585 
74586 
74587 
74588 
74589 
74590 
74591 
74592 
74593 
74594 
74595 
74596 
74597 
74598 
74599 
74600 
74601 
74602 
74603 
74604 
74605 
74606 
74607 
74608 
74609 
74610 
74611 
74612 
74613 
74614 
74615 
74616 
74617 
74618 
74619 
74620 
74621 
74622 
74623 
74624 
74625 
74626 
74627 
74628 
74629 
74630 
74631 
74632 
74633 
74634 
74635 
74636 
74637 
74638 
74639 
74640 
74641 
74642 
74643 
74644 
74645 
74646 
74647 
74648 
74649 
74650 
74651 
74652 
74653 
74654 
74655 
74656 
74657 
74658 
74659 
74660 
74661 
74662 
74663 
74664 
74665 
74666 
74667 
74668 
74669 
74670 
74671 
74672 
74673 
74674 
74675 
74676 
74677 
74678 
74679 
74680 
74681 
74682 
74683 
74684 
74685 
74686 
74687 
74688 
74689 
74690 
74691 
74692 
74693 
74694 
74695 
74696 
74697 
74698 
74699 
74700 
74701 
74702 
74703 
74704 
74705 
74706 
74707 
74708 
74709 
74710 
74711 
74712 
74713 
74714 
74715 
74716 
74717 
74718 
74719 
74720 
74721 
74722 
74723 
74724 
74725 
74726 
74727 
74728 
74729 
74730 
74731 
74732 
74733 
74734 
74735 
74736 
74737 
74738 
74739 
74740 
74741 
74742 
74743 
74744 
74745 
74746 
74747 
74748 
74749 
74750 
74751 
74752 
74753 
74754 
74755 
74756 
74757 
74758 
74759 
74760 
74761 
74762 
74763 
74764 
74765 
74766 
74767 
74768 
74769 
74770 
74771 
74772 
74773 
74774 
74775 
74776 
74777 
74778 
74779 
74780 
74781 
74782 
74783 
74784 
74785 
74786 
74787 
74788 
74789 
74790 
74791 
74792 
74793 
74794 
74795 
74796 
74797 
74798 
74799 
74800 
74801 
74802 
74803 
74804 
74805 
74806 
74807 
74808 
74809 
74810 
74811 
74812 
74813 
74814 
74815 
74816 
74817 
74818 
74819 
74820 
74821 
74822 
74823 
74824 
74825 
74826 
74827 
74828 
74829 
74830 
74831 
74832 
74833 
74834 
74835 
74836 
74837 
74838 
74839 
74840 
74841 
74842 
74843 
74844 
74845 
74846 
74847 
74848 
74849 
74850 
74851 
74852 
74853 
74854 
74855 
74856 
74857 
74858 
74859 
74860 
74861 
74862 
74863 
74864 
74865 
74866 
74867 
74868 
74869 
74870 
74871 
74872 
74873 
74874 
74875 
74876 
74877 
74878 
74879 
74880 
74881 
74882 
74883 
74884 
74885 
74886 
74887 
74888 
74889 
74890 
74891 
74892 
74893 
74894 
74895 
74896 
74897 
74898 
74899 
74900 
74901 
74902 
74903 
74904 
74905 
74906 
74907 
74908 
74909 
74910 
74911 
74912 
74913 
74914 
74915 
74916 
74917 
74918 
74919 
74920 
74921 
74922 
74923 
74924 
74925 
74926 
74927 
74928 
74929 
74930 
74931 
74932 
74933 
74934 
74935 
74936 
74937 
74938 
74939 
74940 
74941 
74942 
74943 
74944 
74945 
74946 
74947 
74948 
74949 
74950 
74951 
74952 
74953 
74954 
74955 
74956 
74957 
74958 
74959 
74960 
74961 
74962 
74963 
74964 
74965 
74966 
74967 
74968 
74969 
74970 
74971 
74972 
74973 
74974 
74975 
74976 
74977 
74978 
74979 
74980 
74981 
74982 
74983 
74984 
74985 
74986 
74987 
74988 
74989 
74990 
74991 
74992 
74993 
74994 
74995 
74996 
74997 
74998 
74999 
75000 
75001 
75002 
75003 
75004 
75005 
75006 
75007 
75008 
75009 
75010 
75011 
75012 
75013 
75014 
75015 
75016 
75017 
75018 
75019 
75020 
75021 
75022 
75023 
75024 
75025 
75026 
75027 
75028 
75029 
75030 
75031 
75032 
75033 
75034 
75035 
75036 
75037 
75038 
75039 
75040 
75041 
75042 
75043 
75044 
75045 
75046 
75047 
75048 
75049 
75050 
75051 
75052 
75053 
75054 
75055 
75056 
75057 
75058 
75059 
75060 
75061 
75062 
75063 
75064 
75065 
75066 
75067 
75068 
75069 
75070 
75071 
75072 
75073 
75074 
75075 
75076 
75077 
75078 
75079 
75080 
75081 
75082 
75083 
75084 
75085 
75086 
75087 
75088 
75089 
75090 
75091 
75092 
75093 
75094 
75095 
75096 
75097 
75098 
75099 
75100 
75101 
75102 
75103 
75104 
75105 
75106 
75107 
75108 
75109 
75110 
75111 
75112 
75113 
75114 
75115 
75116 
75117 
75118 
75119 
75120 
75121 
75122 
75123 
75124 
75125 
75126 
75127 
75128 
75129 
75130 
75131 
75132 
75133 
75134 
75135 
75136 
75137 
75138 
75139 
75140 
75141 
75142 
75143 
75144 
75145 
75146 
75147 
75148 
75149 
75150 
75151 
75152 
75153 
75154 
75155 
75156 
75157 
75158 
75159 
75160 
75161 
75162 
75163 
75164 
75165 
75166 
75167 
75168 
75169 
75170 
75171 
75172 
75173 
75174 
75175 
75176 
75177 
75178 
75179 
75180 
75181 
75182 
75183 
75184 
75185 
75186 
75187 
75188 
75189 
75190 
75191 
75192 
75193 
75194 
75195 
75196 
75197 
75198 
75199 
75200 
75201 
75202 
75203 
75204 
75205 
75206 
75207 
75208 
75209 
75210 
75211 
75212 
75213 
75214 
75215 
75216 
75217 
75218 
75219 
75220 
75221 
75222 
75223 
75224 
75225 
75226 
75227 
75228 
75229 
75230 
75231 
75232 
75233 
75234 
75235 
75236 
75237 
75238 
75239 
75240 
75241 
75242 
75243 
75244 
75245 
75246 
75247 
75248 
75249 
75250 
75251 
75252 
75253 
75254 
75255 
75256 
75257 
75258 
75259 
75260 
75261 
75262 
75263 
75264 
75265 
75266 
75267 
75268 
75269 
75270 
75271 
75272 
75273 
75274 
75275 
75276 
75277 
75278 
75279 
75280 
75281 
75282 
75283 
75284 
75285 
75286 
75287 
75288 
75289 
75290 
75291 
75292 
75293 
75294 
75295 
75296 
75297 
75298 
75299 
75300 
75301 
75302 
75303 
75304 
75305 
75306 
75307 
75308 
75309 
75310 
75311 
75312 
75313 
75314 
75315 
75316 
75317 
75318 
75319 
75320 
75321 
75322 
75323 
75324 
75325 
75326 
75327 
75328 
75329 
75330 
75331 
75332 
75333 
75334 
75335 
75336 
75337 
75338 
75339 
75340 
75341 
75342 
75343 
75344 
75345 
75346 
75347 
75348 
75349 
75350 
75351 
75352 
75353 
75354 
75355 
75356 
75357 
75358 
75359 
75360 
75361 
75362 
75363 
75364 
75365 
75366 
75367 
75368 
75369 
75370 
75371 
75372 
75373 
75374 
75375 
75376 
75377 
75378 
75379 
75380 
75381 
75382 
75383 
75384 
75385 
75386 
75387 
75388 
75389 
75390 
75391 
75392 
75393 
75394 
75395 
75396 
75397 
75398 
75399 
75400 
75401 
75402 
75403 
75404 
75405 
75406 
75407 
75408 
75409 
75410 
75411 
75412 
75413 
75414 
75415 
75416 
75417 
75418 
75419 
75420 
75421 
75422 
59038 
75423 
59039 
75424 
59040 
75425 
59041 
75426 
75427 
75428 
75429 
59045 
75430 
59046 
75431 
59047 
75432 
59048 
75433 
75434 
75435 
75436 
59052 
75437 
59053 
75438 
59054 
75439 
59055 
75440 
75441 
75442 
75443 
59059 
75444 
59060 
75445 
59061 
75446 
59062 
75447 
75448 
75449 
75450 
59066 
75451 
59067 
75452 
59068 
75453 
59069 
75454 
75455 
75456 
75457 
59073 
75458 
59074 
75459 
59075 
75460 
59076 
75461 
75462 
75463 
75464 
59080 
75465 
59081 
75466 
59082 
75467 
59083 
75468 
75469 
75470 
75471 
59087 
75472 
59088 
75473 
59089 
75474 
59090 
75475 
75476 
75477 
75478 
59094 
75479 
59095 
75480 
59096 
75481 
59097 
75482 
75483 
75484 
75485 
59101 
75486 
59102 
75487 
59103 
75488 
59104 
75489 
75490 
75491 
75492 
59108 
75493 
59109 
75494 
59110 
75495 
59111 
75496 
75497 
75498 
75499 
59115 
75500 
59116 
75501 
59117 
75502 
59118 
75503 
75504 
75505 
75506 
59122 
75507 
59123 
75508 
59124 
75509 
59125 
75510 
75511 
75512 
75513 
59129 
75514 
59130 
75515 
59131 
75516 
59132 
75517 
75518 
75519 
75520 
59136 
75521 
59137 
75522 
59138 
75523 
59139 
75524 
75525 
75526 
75527 
59143 
75528 
59144 
75529 
59145 
75530 
59146 
75531 
75532 
75533 
75534 
59150 
75535 
59151 
75536 
59152 
75537 
59153 
75538 
75539 
75540 
75541 
59157 
75542 
59158 
75543 
59159 
75544 
59160 
75545 
75546 
75547 
75548 
59164 
75549 
59165 
75550 
59166 
75551 
59167 
75552 
75553 
75554 
75555 
59171 
75556 
59172 
75557 
59173 
75558 
59174 
75559 
75560 
75561 
75562 
75563 
75564 
75565 
75566 
75567 
75568 
75569 
75570 
75571 
75572 
75573 
75574 
75575 
75576 
75577 
75578 
75579 
75580 
75581 
75582 
75583 
75584 
75585 
75586 
75587 
75588 
75589 
75590 
75591 
75592 
75593 
75594 
75595 
75596 
75597 
75598 
75599 
75600 
75601 
75602 
75603 
75604 
59220 
75605 
59221 
75606 
59222 
75607 
59223 
75608 
75609 
75610 
75611 
59227 
75612 
59228 
75613 
59229 
75614 
59230 
75615 
75616 
75617 
75618 
59234 
75619 
59235 
75620 
59236 
75621 
59237 
75622 
75623 
75624 
75625 
59241 
75626 
59242 
75627 
59243 
75628 
59244 
75629 
75630 
75631 
75632 
59248 
75633 
59249 
75634 
59250 
75635 
59251 
75636 
75637 
75638 
75639 
59255 
75640 
59256 
75641 
59257 
75642 
59258 
75643 
75644 
75645 
75646 
59262 
75647 
59263 
75648 
59264 
75649 
59265 
75650 
75651 
75652 
75653 
59269 
75654 
59270 
75655 
59271 
75656 
59272 
75657 
75658 
75659 
75660 
59276 
75661 
59277 
75662 
59278 
75663 
59279 
75664 
75665 
75666 
75667 
59283 
75668 
59284 
75669 
59285 
75670 
59286 
75671 
75672 
75673 
75674 
59290 
75675 
59291 
75676 
59292 
75677 
59293 
75678 
75679 
75680 
75681 
75682 
75683 
75684 
75685 
75686 
75687 
75688 
75689 
75690 
75691 
75692 
75693 
75694 
75695 
75696 
75697 
75698 
75699 
75700 
75701 
75702 
75703 
75704 
75705 
75706 
75707 
75708 
75709 
75710 
75711 
75712 
75713 
75714 
75715 
75716 
59332 
75717 
59333 
75718 
59334 
75719 
59335 
75720 
75721 
75722 
75723 
59339 
75724 
59340 
75725 
59341 
75726 
59342 
75727 
75728 
75729 
75730 
59346 
75731 
59347 
75732 
59348 
75733 
59349 
75734 
75735 
75736 
75737 
59353 
75738 
59354 
75739 
59355 
75740 
59356 
75741 
75742 
75743 
75744 
59360 
75745 
59361 
75746 
59362 
75747 
59363 
75748 
75749 
75750 
75751 
59367 
75752 
59368 
75753 
59369 
75754 
59370 
75755 
75756 
75757 
75758 
59374 
75759 
59375 
75760 
59376 
75761 
59377 
75762 
75763 
75764 
75765 
59381 
75766 
59382 
75767 
59383 
75768 
59384 
75769 
75770 
75771 
75772 
59388 
75773 
59389 
75774 
59390 
75775 
59391 
75776 
75777 
75778 
75779 
75780 
75781 
75782 
75783 
75784 
75785 
75786 
75787 
75788 
75789 
75790 
75791 
75792 
75793 
59409 
75794 
59410 
75795 
59411 
75796 
59412 
75797 
59413 
75798 
59414 
75799 
59415 
75800 
75801 
75802 
75803 
75804 
59420 
75805 
59421 
75806 
59422 
75807 
75808 
75809 
75810 
75811 
59427 
75812 
59428 
75813 
59429 
75814 
75815 
75816 
75817 
75818 
59434 
75819 
59435 
75820 
59436 
75821 
75822 
75823 
75824 
75825 
59441 
75826 
59442 
75827 
59443 
75828 
75829 
75830 
75831 
75832 
59448 
75833 
59449 
75834 
59450 
75835 
75836 
75837 
75838 
75839 
59455 
75840 
59456 
75841 
59457 
75842 
75843 
75844 
75845 
75846 
59462 
75847 
59463 
75848 
59464 
75849 
75850 
75851 
75852 
75853 
59469 
75854 
59470 
75855 
59471 
75856 
75857 
75858 
75859 
75860 
59476 
75861 
59477 
75862 
59478 
75863 
75864 
75865 
75866 
75867 
59483 
75868 
59484 
75869 
59485 
75870 
75871 
75872 
75873 
75874 
59490 
75875 
59491 
75876 
59492 
75877 
75878 
75879 
75880 
75881 
59497 
75882 
59498 
75883 
59499 
75884 
75885 
75886 
75887 
75888 
59504 
75889 
59505 
75890 
59506 
75891 
75892 
75893 
75894 
75895 
59511 
75896 
59512 
75897 
59513 
75898 
75899 
75900 
75901 
75902 
59518 
75903 
59519 
75904 
59520 
75905 
75906 
75907 
75908 
75909 
59525 
75910 
59526 
75911 
59527 
75912 
75913 
75914 
75915 
75916 
59532 
75917 
59533 
75918 
59534 
75919 
75920 
75921 
75922 
75923 
59539 
75924 
59540 
75925 
59541 
75926 
75927 
75928 
75929 
75930 
59546 
75931 
59547 
75932 
59548 
75933 
75934 
75935 
75936 
75937 
59553 
75938 
59554 
75939 
59555 
75940 
59556 
75941 
59557 
75942 
59558 
75943 
59559 
75944 
59560 
75945 
59561 
75946 
59562 
75947 
59563 
75948 
59564 
75949 
59565 
75950 
59566 
75951 
59567 
75952 
59568 
75953 
59569 
75954 
59570 
75955 
59571 
75956 
59572 
75957 
59573 
75958 
59574 
75959 
59575 
75960 
59576 
75961 
59577 
75962 
59578 
75963 
59579 
75964 
59580 
75965 
59581 
75966 
59582 
75967 
59583 
75968 
59584 
75969 
59585 
75970 
59586 
75971 
59587 
75972 
59588 
75973 
59589 
75974 
59590 
75975 
75976 
75977 
75978 
75979 
59595 
75980 
59596 
75981 
59597 
75982 
75983 
75984 
75985 
75986 
59602 
75987 
59603 
75988 
59604 
75989 
75990 
75991 
75992 
75993 
59609 
75994 
59610 
75995 
59611 
75996 
75997 
75998 
75999 
76000 
59616 
76001 
59617 
76002 
59618 
76003 
76004 
76005 
76006 
76007 
59623 
76008 
59624 
76009 
59625 
76010 
76011 
76012 
76013 
76014 
59630 
76015 
59631 
76016 
59632 
76017 
76018 
76019 
76020 
76021 
59637 
76022 
59638 
76023 
59639 
76024 
76025 
76026 
76027 
76028 
59644 
76029 
59645 
76030 
59646 
76031 
76032 
76033 
76034 
76035 
59651 
76036 
59652 
76037 
59653 
76038 
76039 
76040 
76041 
76042 
59658 
76043 
59659 
76044 
59660 
76045 
59661 
76046 
59662 
76047 
59663 
76048 
59664 
76049 
59665 
76050 
59666 
76051 
59667 
76052 
59668 
76053 
59669 
76054 
59670 
76055 
59671 
76056 
59672 
76057 
59673 
76058 
59674 
76059 
59675 
76060 
59676 
76061 
59677 
76062 
59678 
76063 
59679 
76064 
59680 
76065 
59681 
76066 
59682 
76067 
59683 
76068 
59684 
76069 
59685 
76070 
59686 
76071 
59687 
76072 
59688 
76073 
76074 
76075 
76076 
76077 
59693 
76078 
59694 
76079 
59695 
76080 
76081 
76082 
76083 
76084 
59700 
76085 
59701 
76086 
59702 
76087 
76088 
76089 
76090 
76091 
59707 
76092 
59708 
76093 
59709 
76094 
76095 
76096 
76097 
76098 
59714 
76099 
59715 
76100 
59716 
76101 
76102 
76103 
76104 
76105 
59721 
76106 
59722 
76107 
59723 
76108 
76109 
76110 
76111 
76112 
59728 
76113 
59729 
76114 
59730 
76115 
76116 
76117 
76118 
76119 
59735 
76120 
59736 
76121 
59737 
76122 
76123 
76124 
76125 
76126 
59742 
76127 
59743 
76128 
59744 
76129 
76130 
76131 
76132 
76133 
59749 
76134 
59750 
76135 
59751 
76136 
59752 
76137 
59753 
76138 
59754 
76139 
59755 
76140 
59756 
76141 
59757 
76142 
59758 
76143 
59759 
76144 
59760 
76145 
59761 
76146 
59762 
76147 
59763 
76148 
59764 
76149 
59765 
76150 
76151 
76152 
76153 
76154 
76155 
76156 
76157 
76158 
76159 
76160 
76161 
76162 
76163 
76164 
76165 
76166 
76167 
76168 
76169 
76170 
76171 
76172 
76173 
76174 
76175 
76176 
76177 
76178 
76179 
76180 
76181 
76182 
76183 
76184 
76185 
76186 
76187 
76188 
76189 
76190 
76191 
76192 
76193 
76194 
76195 
76196 
76197 
76198 
76199 
76200 
76201 
76202 
76203 
76204 
76205 
76206 
76207 
76208 
76209 
76210 
76211 
76212 
76213 
76214 
76215 
76216 
76217 
76218 
76219 
76220 
76221 
76222 
76223 
76224 
76225 
76226 
76227 
76228 
76229 
76230 
76231 
76232 
76233 
76234 
76235 
76236 
76237 
76238 
76239 
76240 
76241 
76242 
76243 
76244 
76245 
76246 
76247 
76248 
76249 
76250 
76251 
76252 
76253 
76254 
76255 
76256 
76257 
76258 
76259 
76260 
76261 
76262 
76263 
76264 
76265 
76266 
76267 
76268 
76269 
76270 
76271 
76272 
76273 
76274 
76275 
76276 
76277 
76278 
76279 
76280 
76281 
76282 
76283 
76284 
76285 
76286 
76287 
76288 
76289 
76290 
76291 
76292 
76293 
76294 
76295 
76296 
76297 
76298 
76299 
76300 
76301 
76302 
76303 
76304 
76305 
76306 
76307 
76308 
76309 
76310 
76311 
76312 
76313 
76314 
76315 
76316 
76317 
76318 
76319 
76320 
76321 
76322 
76323 
76324 
76325 
76326 
76327 
76328 
76329 
76330 
76331 
76332 
76333 
76334 
76335 
76336 
76337 
76338 
76339 
76340 
76341 
76342 
76343 
76344 
76345 
76346 
76347 
76348 
76349 
76350 
76351 
76352 
76353 
76354 
76355 
76356 
76357 
76358 
76359 
76360 
76361 
76362 
76363 
76364 
76365 
76366 
76367 
76368 
76369 
76370 
76371 
76372 
76373 
76374 
76375 
76376 
76377 
76378 
76379 
76380 
76381 
76382 
76383 
76384 
76385 
76386 
76387 
76388 
76389 
76390 
76391 
76392 
76393 
76394 
76395 
76396 
76397 
76398 
76399 
76400 
76401 
76402 
76403 
76404 
76405 
76406 
76407 
76408 
76409 
76410 
76411 
76412 
76413 
76414 
76415 
76416 
76417 
76418 
76419 
76420 
76421 
76422 
76423 
76424 
76425 
76426 
76427 
76428 
76429 
76430 
76431 
76432 
76433 
76434 
76435 
76436 
76437 
76438 
76439 
76440 
76441 
76442 
76443 
76444 
76445 
76446 
76447 
76448 
76449 
76450 
76451 
76452 
76453 
76454 
76455 
76456 
76457 
76458 
76459 
76460 
76461 
76462 
76463 
76464 
76465 
76466 
76467 
76468 
76469 
76470 
76471 
76472 
76473 
76474 
76475 
76476 
76477 
76478 
76479 
76480 
76481 
76482 
76483 
76484 
76485 
76486 
76487 
76488 
76489 
76490 
76491 
76492 
76493 
76494 
76495 
76496 
76497 
76498 
76499 
76500 
76501 
76502 
76503 
76504 
76505 
76506 
76507 
76508 
76509 
76510 
76511 
76512 
76513 
76514 
76515 
76516 
76517 
76518 
76519 
76520 
76521 
76522 
76523 
76524 
76525 
76526 
76527 
76528 
76529 
76530 
76531 
76532 
76533 
76534 
76535 
76536 
76537 
76538 
76539 
76540 
76541 
76542 
76543 
76544 
76545 
76546 
76547 
76548 
76549 
76550 
76551 
76552 
76553 
76554 
76555 
76556 
76557 
76558 
76559 
76560 
76561 
76562 
76563 
76564 
76565 
76566 
76567 
76568 
76569 
76570 
76571 
76572 
76573 
76574 
76575 
76576 
76577 
76578 
76579 
76580 
76581 
76582 
76583 
76584 
76585 
76586 
76587 
76588 
76589 
76590 
76591 
76592 
76593 
76594 
76595 
76596 
76597 
76598 
76599 
76600 
76601 
76602 
76603 
76604 
76605 
76606 
76607 
76608 
76609 
76610 
76611 
76612 
76613 
76614 
76615 
76616 
76617 
76618 
76619 
76620 
76621 
76622 
76623 
76624 
76625 
76626 
76627 
76628 
76629 
76630 
76631 
76632 
76633 
76634 
76635 
76636 
76637 
76638 
76639 
76640 
76641 
76642 
76643 
76644 
76645 
76646 
76647 
76648 
76649 
76650 
76651 
76652 
76653 
76654 
76655 
76656 
76657 
76658 
76659 
76660 
76661 
76662 
76663 
76664 
76665 
76666 
76667 
76668 
76669 
76670 
76671 
76672 
76673 
76674 
76675 
76676 
76677 
76678 
76679 
76680 
76681 
76682 
76683 
76684 
76685 
76686 
76687 
76688 
76689 
76690 
76691 
76692 
76693 
76694 
76695 
76696 
76697 
76698 
76699 
76700 
76701 
76702 
76703 
76704 
76705 
76706 
76707 
76708 
76709 
76710 
76711 
76712 
76713 
76714 
76715 
76716 
76717 
76718 
76719 
76720 
76721 
76722 
76723 
76724 
76725 
76726 
76727 
76728 
76729 
76730 
76731 
76732 
76733 
76734 
76735 
76736 
76737 
76738 
76739 
76740 
76741 
76742 
76743 
76744 
76745 
76746 
76747 
76748 
76749 
76750 
76751 
76752 
76753 
76754 
76755 
76756 
76757 
76758 
76759 
76760 
76761 
76762 
76763 
76764 
76765 
76766 
76767 
76768 
76769 
76770 
76771 
76772 
76773 
76774 
76775 
76776 
76777 
76778 
76779 
76780 
76781 
76782 
76783 
76784 
76785 
76786 
76787 
76788 
76789 
76790 
76791 
76792 
76793 
76794 
76795 
76796 
76797 
76798 
76799 
76800 
76801 
76802 
76803 
76804 
76805 
76806 
76807 
76808 
76809 
76810 
76811 
76812 
76813 
76814 
76815 
76816 
76817 
76818 
76819 
76820 
76821 
76822 
76823 
76824 
76825 
76826 
76827 
76828 
76829 
76830 
76831 
76832 
76833 
76834 
76835 
76836 
76837 
76838 
76839 
76840 
76841 
76842 
76843 
76844 
76845 
76846 
76847 
76848 
76849 
76850 
76851 
76852 
76853 
76854 
76855 
76856 
76857 
76858 
76859 
76860 
76861 
76862 
76863 
76864 
76865 
76866 
76867 
76868 
76869 
76870 
76871 
76872 
76873 
76874 
76875 
76876 
76877 
76878 
76879 
76880 
76881 
76882 
76883 
76884 
76885 
76886 
76887 
76888 
76889 
76890 
76891 
76892 
76893 
76894 
76895 
76896 
76897 
76898 
76899 
76900 
76901 
76902 
76903 
76904 
76905 
76906 
76907 
76908 
76909 
76910 
76911 
76912 
76913 
76914 
76915 
76916 
76917 
76918 
76919 
76920 
76921 
76922 
76923 
76924 
76925 
76926 
76927 
76928 
76929 
76930 
76931 
76932 
76933 
76934 
76935 
76936 
76937 
76938 
76939 
76940 
76941 
76942 
76943 
76944 
76945 
76946 
76947 
76948 
76949 
76950 
76951 
76952 
76953 
76954 
76955 
76956 
76957 
76958 
76959 
76960 
76961 
76962 
76963 
76964 
76965 
76966 
76967 
76968 
76969 
76970 
76971 
76972 
76973 
76974 
76975 
76976 
76977 
76978 
76979 
76980 
76981 
76982 
76983 
76984 
76985 
76986 
76987 
76988 
76989 
76990 
76991 
76992 
76993 
76994 
76995 
76996 
76997 
76998 
76999 
77000 
77001 
77002 
77003 
77004 
77005 
77006 
77007 
77008 
77009 
77010 
77011 
77012 
77013 
77014 
77015 
77016 
77017 
77018 
77019 
77020 
77021 
77022 
77023 
77024 
77025 
77026 
77027 
77028 
77029 
77030 
77031 
77032 
77033 
77034 
77035 
77036 
77037 
77038 
77039 
77040 
77041 
77042 
77043 
77044 
77045 
77046 
77047 
77048 
77049 
77050 
77051 
77052 
77053 
77054 
77055 
77056 
77057 
77058 
77059 
77060 
77061 
77062 
77063 
77064 
77065 
77066 
77067 
77068 
77069 
77070 
77071 
77072 
77073 
77074 
77075 
77076 
77077 
77078 
77079 
77080 
77081 
77082 
77083 
77084 
77085 
77086 
77087 
77088 
77089 
77090 
77091 
77092 
77093 
77094 
77095 
77096 
77097 
77098 
77099 
77100 
77101 
77102 
77103 
77104 
77105 
77106 
77107 
77108 
77109 
77110 
77111 
77112 
77113 
77114 
77115 
77116 
77117 
77118 
77119 
77120 
77121 
77122 
77123 
77124 
77125 
77126 
77127 
77128 
77129 
77130 
77131 
77132 
77133 
77134 
77135 
77136 
77137 
77138 
77139 
77140 
77141 
77142 
77143 
77144 
77145 
77146 
77147 
77148 
77149 
77150 
77151 
77152 
77153 
77154 
77155 
77156 
77157 
77158 
77159 
77160 
77161 
77162 
77163 
77164 
77165 
77166 
77167 
77168 
77169 
77170 
77171 
77172 
77173 
77174 
77175 
77176 
77177 
77178 
77179 
77180 
77181 
77182 
77183 
77184 
77185 
77186 
77187 
77188 
77189 
77190 
77191 
77192 
77193 
77194 
77195 
77196 
77197 
77198 
77199 
77200 
77201 
77202 
77203 
77204 
77205 
77206 
77207 
77208 
77209 
77210 
77211 
77212 
77213 
77214 
77215 
77216 
77217 
77218 
77219 
77220 
77221 
77222 
77223 
77224 
77225 
77226 
77227 
77228 
77229 
77230 
77231 
77232 
77233 
77234 
77235 
77236 
77237 
77238 
77239 
77240 
77241 
77242 
77243 
77244 
77245 
77246 
77247 
77248 
77249 
77250 
77251 
77252 
77253 
77254 
77255 
77256 
77257 
77258 
77259 
77260 
77261 
77262 
77263 
77264 
77265 
77266 
77267 
77268 
77269 
77270 
77271 
77272 
77273 
77274 
77275 
77276 
77277 
77278 
77279 
77280 
77281 
77282 
77283 
77284 
77285 
77286 
77287 
77288 
77289 
77290 
77291 
77292 
77293 
77294 
77295 
77296 
77297 
77298 
77299 
77300 
77301 
77302 
77303 
77304 
77305 
77306 
77307 
77308 
77309 
77310 
77311 
77312 
77313 
77314 
77315 
77316 
77317 
77318 
77319 
77320 
77321 
77322 
77323 
77324 
77325 
77326 
77327 
77328 
77329 
77330 
77331 
77332 
77333 
77334 
77335 
77336 
77337 
77338 
77339 
77340 
77341 
77342 
77343 
77344 
77345 
77346 
77347 
77348 
77349 
77350 
77351 
77352 
77353 
77354 
77355 
77356 
77357 
77358 
77359 
77360 
77361 
77362 
77363 
77364 
77365 
77366 
77367 
77368 
77369 
77370 
77371 
77372 
77373 
77374 
77375 
77376 
77377 
77378 
77379 
77380 
77381 
77382 
77383 
77384 
77385 
77386 
77387 
77388 
77389 
77390 
77391 
77392 
77393 
77394 
77395 
77396 
77397 
77398 
77399 
77400 
77401 
77402 
77403 
77404 
77405 
77406 
77407 
77408 
77409 
77410 
77411 
77412 
77413 
77414 
77415 
77416 
77417 
77418 
77419 
77420 
77421 
77422 
77423 
77424 
77425 
77426 
77427 
77428 
77429 
77430 
77431 
77432 
77433 
77434 
77435 
77436 
77437 
77438 
77439 
77440 
77441 
77442 
77443 
77444 
77445 
77446 
77447 
77448 
77449 
77450 
77451 
77452 
77453 
77454 
77455 
77456 
77457 
77458 
77459 
77460 
77461 
77462 
77463 
77464 
77465 
77466 
77467 
77468 
77469 
77470 
77471 
77472 
77473 
77474 
77475 
77476 
77477 
77478 
77479 
77480 
77481 
77482 
77483 
77484 
77485 
77486 
77487 
77488 
77489 
77490 
77491 
77492 
77493 
77494 
77495 
77496 
77497 
77498 
77499 
77500 
77501 
77502 
77503 
77504 
77505 
77506 
77507 
77508 
77509 
77510 
77511 
77512 
77513 
77514 
77515 
77516 
77517 
77518 
77519 
77520 
77521 
77522 
77523 
77524 
77525 
77526 
77527 
77528 
77529 
77530 
77531 
77532 
77533 
77534 
77535 
77536 
77537 
77538 
77539 
77540 
77541 
77542 
77543 
77544 
77545 
77546 
77547 
77548 
77549 
77550 
77551 
77552 
77553 
77554 
77555 
77556 
77557 
77558 
77559 
77560 
77561 
77562 
77563 
77564 
77565 
77566 
77567 
77568 
77569 
77570 
77571 
77572 
77573 
77574 
77575 
77576 
77577 
77578 
77579 
77580 
77581 
77582 
77583 
77584 
77585 
77586 
77587 
77588 
77589 
77590 
77591 
77592 
77593 
77594 
77595 
77596 
77597 
77598 
77599 
77600 
77601 
77602 
77603 
77604 
77605 
77606 
77607 
77608 
77609 
77610 
77611 
77612 
77613 
77614 
77615 
77616 
77617 
77618 
77619 
77620 
77621 
77622 
77623 
77624 
77625 
77626 
77627 
77628 
77629 
77630 
77631 
77632 
77633 
77634 
77635 
77636 
77637 
77638 
77639 
77640 
77641 
77642 
77643 
77644 
77645 
77646 
77647 
77648 
77649 
77650 
77651 
77652 
77653 
77654 
77655 
77656 
77657 
77658 
77659 
77660 
77661 
77662 
77663 
77664 
77665 
77666 
77667 
77668 
77669 
77670 
77671 
77672 
77673 
77674 
77675 
77676 
77677 
77678 
77679 
77680 
77681 
77682 
77683 
77684 
77685 
77686 
77687 
77688 
77689 
77690 
77691 
77692 
77693 
77694 
77695 
77696 
77697 
77698 
77699 
77700 
77701 
77702 
77703 
77704 
77705 
77706 
77707 
77708 
77709 
77710 
77711 
77712 
77713 
77714 
77715 
77716 
77717 
77718 
77719 
77720 
77721 
77722 
77723 
77724 
77725 
77726 
77727 
77728 
77729 
77730 
77731 
77732 
77733 
77734 
77735 
77736 
77737 
77738 
77739 
77740 
77741 
77742 
77743 
77744 
77745 
77746 
77747 
77748 
77749 
77750 
77751 
77752 
77753 
77754 
77755 
77756 
77757 
77758 
77759 
77760 
77761 
77762 
77763 
77764 
77765 
77766 
77767 
77768 
77769 
77770 
77771 
77772 
77773 
77774 
77775 
77776 
77777 
77778 
77779 
77780 
77781 
77782 
77783 
77784 
77785 
77786 
77787 
77788 
77789 
77790 
77791 
77792 
77793 
77794 
77795 
77796 
77797 
61583 
61584 
61585 
61586 
61587 
61588 
61589 
61604 
61605 
61606 
61607 
61608 
61609 
61610 
61611 
61612 
61613 
61614 
61615 
61616 
61617 
61639 
61640 
61641 
61642 
61643 
61644 
61645 
61646 
61647 
61648 
61649 
61650 
61651 
61652 
61667 
61668 
61669 
61670 
61671 
61672 
61673 
61674 
61675 
61676 
61677 
61678 
61679 
61680 
61695 
61696 
61697 
61698 
61699 
61700 
61701 
61702 
61703 
61704 
61705 
61706 
61707 
61708 
61709 
61710 
61711 
61712 
61713 
61714 
61715 
61723 
61724 
61725 
61726 
61727 
61728 
61729 
61737 
61738 
61739 
61740 
61741 
61742 
61743 
61751 
61752 
61753 
61754 
61755 
61756 
61757 
61772 
61773 
61774 
61775 
61776 
61777 
61778 
61779 
61780 
61781 
61782 
61783 
61784 
61785 
61786 
61787 
61788 
61789 
61790 
61791 
61792 
61800 
61801 
61802 
61803 
61804 
61805 
61806 
61807 
61808 
61809 
61810 
61811 
61812 
61813 
61814 
61815 
61816 
61817 
61818 
61819 
61820 
61821 
61822 
61823 
61824 
61825 
61826 
61827 
61842 
61843 
61844 
61845 
61846 
61847 
61848 
61863 
61864 
61865 
61866 
61867 
61868 
61869 
61884 
61885 
61886 
61887 
61888 
61889 
61890 
61891 
61892 
61893 
61894 
61895 
61896 
61897 
61912 
61913 
61914 
61915 
61916 
61917 
61918 
61919 
61920 
61921 
61922 
61923 
61924 
61925 
61947 
61948 
61949 
61950 
61951 
61952 
61953 
61968 
61969 
61970 
61971 
61972 
61973 
61974 
61982 
61983 
61984 
61985 
61986 
61987 
61988 
61989 
61990 
61991 
61992 
61993 
61994 
61995 
62017 
62018 
62019 
62020 
62021 
62022 
62023 
62780 
62781 
62782 
62783 
62784 
62785 
62786 
62787 
62788 
62789 
62790 
62791 
62792 
62793 
62794 
62795 
62796 
62797 
62798 
62799 
62800 
62801 
62802 
62803 
62804 
62805 
62806 
62807 
62808 
62809 
62810 
62811 
62812 
62813 
62814 
62815 
62816 
62817 
62818 
62819 
62820 
62821 
62822 
62823 
62824 
62825 
62826 
62827 
62828 
63805 
63806 
63807 
63808 
63812 
63813 
63814 
63815 
63819 
63820 
63821 
63822 
63826 
63827 
63828 
63829 
63833 
63834 
63835 
63836 
63840 
63841 
63842 
63843 
63847 
63848 
63849 
63850 
63854 
63855 
63856 
63857 
63861 
63862 
63863 
63864 
63868 
63869 
63870 
63871 
63875 
63876 
63877 
63878 
63882 
63883 
63884 
63885 
63889 
63890 
63891 
63892 
63896 
63897 
63898 
63899 
63973 
63974 
63975 
63976 
63980 
63981 
63982 
63983 
64043 
64044 
64045 
64046 
64096 
64097 
64098 
64103 
64104 
64105 
64110 
64111 
64112 
64117 
64118 
64119 
64124 
64125 
64126 
64131 
64132 
64133 
64138 
64139 
64140 
64145 
64146 
64147 
64152 
64153 
64154 
64159 
64160 
64161 
64166 
64167 
64168 
64173 
64174 
64175 
64180 
64181 
64182 
64187 
64188 
64189 
64194 
64195 
64196 
64201 
64202 
64203 
64204 
64205 
64206 
64207 
64208 
64209 
64210 
64211 
64212 
64213 
64214 
64215 
64216 
64217 
64218 
64219 
64220 
64221 
64222 
64223 
64224 
64225 
64226 
64227 
64228 
64229 
64230 
64231 
64232 
64233 
64234 
64235 
64236 
64237 
64238 
64239 
64240 
64241 
64242 
64243 
64244 
64245 
64246 
64247 
64248 
64249 
64250 
64251 
64252 
64253 
64254 
64255 
64256 
64257 
64258 
64259 
64260 
64261 
64262 
64263 
64264 
64265 
64266 
64267 
64268 
64269 
64270 
64271 
64272 
64273 
64278 
64279 
64280 
64285 
64286 
64287 
64288 
64289 
64290 
64291 
64292 
64293 
64294 
64295 
64296 
64297 
64298 
64299 
64300 
64301 
64302 
64303 
64304 
64305 
64306 
64307 
64308 
64309 
64310 
64311 
64312 
64313 
64314 
64315 
64316 
64317 
64318 
64319 
64320 
64321 
64322 
64323 
64324 
64325 
64326 
64327 
64328 
64329 
64330 
64331 
64332 
64333 
64334 
64335 
64336 
64337 
64338 
64339 
64340 
64341 
64342 
64343 
64348 
64349 
64350 
64351 
64352 
64353 
64354 
64355 
64356 
64357 
64358 
64359 
64360 
64361 
64362 
64363 
64364 
64365 
64366 
64367 
64368 
64369 
64370 
64371 
64372 
64373 
64374 
64375 
64376 
64377 
64378 
64379 
64380 
64381 
64382 
64383 
64384 
64385 
64386 
64387 
64388 
64389 
64390 
64391 
64392 
64393 
64394 
64395 
64396 
48702 
48703 
48704 
48705 
48706 
48707 
48708 
48709 
48710 
48711 
48712 
48713 
48714 
48715 
48716 
48717 
48718 
48719 
48720 
48721 
48722 
48723 
48724 
48725 
48726 
48727 
48728 
48729 
48730 
48731 
48732 
48733 
48734 
48735 
48736 
48737 
48738 
48739 
48740 
48741 
48742 
48743 
48744 
48745 
48746 
48747 
48748 
48749 
48750 
48751 
48752 
48753 
48754 
48755 
48756 
48757 
48758 
48759 
48760 
48761 
48762 
48763 
48764 
48765 
48766 
48767 
48768 
48769 
48770 
48771 
48772 
48773 
48774 
48775 
48776 
48777 
48778 
48779 
48780 
48781 
48782 
48783 
48784 
48785 
48786 
48787 
48788 
48789 
48790 
48791 
48792 
48793 
48794 
48795 
48796 
48797 
48798 
48799 
48800 
48801 
48802 
48803 
48804 
48805 
48806 
48807 
48808 
48809 
48810 
48811 
48812 
48813 
48814 
48815 
48816 
48817 
48818 
48819 
48820 
48821 
48822 
48823 
48824 
48825 
48826 
48827 
48828 
48829 
48830 
48831 
48832 
48833 
48834 
48835 
48836 
48837 
48838 
48839 
48840 
48841 
48842 
48843 
48844 
48845 
48846 
48847 
48848 
48849 
48850 
48851 
48852 
48853 
48854 
48855 
48856 
48857 
48858 
48859 
48860 
48861 
48862 
48863 
48864 
48865 
48866 
48867 
48868 
48869 
48870 
48871 
48872 
48873 
48874 
48875 
48876 
48877 
48878 
48879 
48880 
48881 
48882 
48883 
48884 
48885 
48886 
48887 
48888 
48889 
48890 
48891 
48892 
48893 
48894 
48895 
48896 
48897 
48898 
48899 
48900 
48901 
48902 
48903 
48904 
48905 
48906 
48907 
48908 
48909 
48910 
48911 
48912 
48913 
48914 
48915 
48916 
48917 
48918 
48919 
48920 
48921 
48922 
48923 
48924 
48925 
48926 
48927 
48928 
48929 
48930 
48931 
48932 
48933 
48934 
48935 
48936 
48937 
48938 
48939 
48940 
48941 
48942 
48943 
48944 
48945 
48946 
48947 
48948 
48949 
48950 
48951 
48952 
48953 
48954 
48955 
48956 
48957 
48958 
48959 
48960 
48961 
48962 
48963 
48964 
48965 
48966 
48967 
48968 
48969 
48970 
48971 
48972 
48973 
48974 
48975 
48976 
48977 
48978 
48979 
48980 
48981 
48982 
48983 
48984 
48985 
48986 
48987 
48988 
48989 
48990 
48991 
48992 
48993 
48994 
48995 
48996 
48997 
48998 
48999 
49000 
49001 
49002 
49003 
49004 
49005 
49006 
49007 
49008 
49009 
49010 
49011 
49012 
49013 
49014 
49015 
49016 
49017 
49018 
49019 
49020 
49021 
49022 
49023 
49024 
49025 
49026 
49027 
49028 
49029 
49030 
49031 
49032 
49033 
49034 
49035 
49036 
49037 
49038 
49039 
49040 
49041 
49042 
49043 
49044 
49045 
49046 
49047 
49048 
49049 
49050 
49051 
49052 
49053 
49054 
49055 
49056 
49057 
49058 
49059 
49060 
49061 
49062 
49063 
49064 
49065 
49066 
49067 
49068 
49069 
49070 
49071 
49072 
49073 
49074 
49075 
49076 
49077 
49078 
49079 
49080 
49081 
49082 
49083 
49084 
49085 
49086 
49087 
49088 
49089 
49090 
49091 
49092 
49093 
49094 
49095 
49096 
49097 
49098 
49099 
49100 
49101 
49102 
49103 
49104 
49105 
49106 
49107 
49108 
49109 
49110 
49111 
49112 
49113 
49114 
49115 
49116 
49117 
49118 
49119 
49120 
49121 
49122 
49123 
49124 
49125 
49126 
49127 
49128 
49129 
49130 
49131 
49132 
49133 
49134 
49135 
49136 
49137 
49138 
49139 
49140 
49141 
49142 
49143 
49144 
49145 
49146 
49147 
49148 
49149 
49150 
49151 
)

// ************************************************************************* //
