# Forces      
# CofR        : (2.929541e+00 0.000000e+00 2.000000e-01)
# Time        forces(pressure viscous porous)	moments(pressure viscous porous)
0             	((-3.158246e-06 9.168833e+00 6.765866e+00) (-1.206032e+00 3.003140e-06 -2.308275e-06) (0.000000e+00 0.000000e+00 0.000000e+00)) ((2.101783e+00 1.982084e+01 -2.686044e+01) (6.982541e-07 2.797936e-01 -1.936068e-02) (0.000000e+00 0.000000e+00 0.000000e+00))
0.0119904     	((-5.869313e-01 9.239111e+00 6.840992e+00) (-3.228885e-01 -8.731885e-04 1.606695e-04) (0.000000e+00 0.000000e+00 0.000000e+00)) ((2.117738e+00 2.001686e+01 -2.658754e+01) (-1.943513e-04 7.621181e-02 -8.478454e-03) (0.000000e+00 0.000000e+00 0.000000e+00))
0.0224256     	((-1.798598e-01 9.305603e+00 6.803894e+00) (-1.115335e-01 -1.381069e-03 1.636036e-03) (0.000000e+00 0.000000e+00 0.000000e+00)) ((2.132426e+00 1.992112e+01 -2.711111e+01) (-3.188074e-04 3.048996e-02 -1.150285e-04) (0.000000e+00 0.000000e+00 0.000000e+00))
0.0320908     	((-1.482697e-01 9.316905e+00 6.809732e+00) (-5.813563e-02 -1.473296e-03 1.686225e-03) (0.000000e+00 0.000000e+00 0.000000e+00)) ((2.134756e+00 1.994241e+01 -2.717313e+01) (-3.345182e-04 1.819244e-02 2.011984e-03) (0.000000e+00 0.000000e+00 0.000000e+00))
0.0428906     	((-1.320947e-01 9.316656e+00 6.809181e+00) (-3.961552e-02 -1.269998e-03 1.142023e-03) (0.000000e+00 0.000000e+00 0.000000e+00)) ((2.134643e+00 1.994495e+01 -2.718902e+01) (-2.824863e-04 1.246500e-02 2.129201e-03) (0.000000e+00 0.000000e+00 0.000000e+00))
0.0550403     	((-1.359954e-01 9.320269e+00 6.809811e+00) (-3.753215e-02 -1.500365e-03 9.915570e-04) (0.000000e+00 0.000000e+00 0.000000e+00)) ((2.135070e+00 1.995003e+01 -2.719981e+01) (-3.247864e-04 1.169194e-02 2.886485e-03) (0.000000e+00 0.000000e+00 0.000000e+00))
0.0691286     	((-1.486853e-01 9.340751e+00 6.813857e+00) (-3.790630e-02 -1.320096e-03 1.023433e-03) (0.000000e+00 0.000000e+00 0.000000e+00)) ((2.138896e+00 1.996452e+01 -2.725268e+01) (-2.952381e-04 1.206869e-02 2.418402e-03) (0.000000e+00 0.000000e+00 0.000000e+00))
0.0852953     	((-1.628616e-01 9.369358e+00 6.821198e+00) (-3.851489e-02 -1.535787e-03 1.033883e-03) (0.000000e+00 0.000000e+00 0.000000e+00)) ((2.144345e+00 1.998783e+01 -2.732740e+01) (-3.371030e-04 1.241086e-02 3.028693e-03) (0.000000e+00 0.000000e+00 0.000000e+00))
0.103634      	((-1.717160e-01 9.400853e+00 6.832043e+00) (-3.884387e-02 -1.405074e-03 9.423250e-04) (0.000000e+00 0.000000e+00 0.000000e+00)) ((2.150566e+00 2.002048e+01 -2.741372e+01) (-3.082270e-04 1.238594e-02 2.670607e-03) (0.000000e+00 0.000000e+00 0.000000e+00))
0.121768      	((-1.779802e-01 9.454528e+00 6.848739e+00) (-3.937470e-02 -1.386182e-03 6.949387e-04) (0.000000e+00 0.000000e+00 0.000000e+00)) ((2.161663e+00 2.007004e+01 -2.756669e+01) (-2.936105e-04 1.191716e-02 2.606502e-03) (0.000000e+00 0.000000e+00 0.000000e+00))
0.142265      	((-1.733643e-01 9.511175e+00 6.870669e+00) (-3.999583e-02 -1.215485e-03 1.139106e-04) (0.000000e+00 0.000000e+00 0.000000e+00)) ((2.173649e+00 2.013382e+01 -2.773577e+01) (-2.369563e-04 1.047533e-02 2.070157e-03) (0.000000e+00 0.000000e+00 0.000000e+00))
0.165288      	((-1.687565e-01 9.581277e+00 6.893331e+00) (-4.021936e-02 -5.232140e-04 -3.130428e-04) (0.000000e+00 0.000000e+00 0.000000e+00)) ((2.188664e+00 2.019983e+01 -2.794434e+01) (-6.696321e-05 9.469152e-03 -1.503657e-04) (0.000000e+00 0.000000e+00 0.000000e+00))
0.190868      	((-1.569077e-01 9.626192e+00 6.908267e+00) (-4.035294e-02 -1.700355e-03 -1.242481e-03) (0.000000e+00 0.000000e+00 0.000000e+00)) ((2.198504e+00 2.024267e+01 -2.808414e+01) (-2.879088e-04 6.786317e-03 3.665854e-03) (0.000000e+00 0.000000e+00 0.000000e+00))
0.218193      	((-1.425096e-01 9.635847e+00 6.911696e+00) (-3.973480e-02 -1.216950e-03 -1.979377e-03) (0.000000e+00 0.000000e+00 0.000000e+00)) ((2.201173e+00 2.025148e+01 -2.812237e+01) (-1.586047e-04 4.567877e-03 2.240740e-03) (0.000000e+00 0.000000e+00 0.000000e+00))
0.246488      	((-1.259460e-01 9.606956e+00 6.899526e+00) (-3.879188e-02 -6.726131e-04 -2.423718e-03) (0.000000e+00 0.000000e+00 0.000000e+00)) ((2.195728e+00 2.021499e+01 -2.804943e+01) (-3.527119e-05 3.059099e-03 5.778011e-04) (0.000000e+00 0.000000e+00 0.000000e+00))
0.276765      	((-1.109485e-01 9.556014e+00 6.876564e+00) (-3.813958e-02 -8.009860e-04 -2.534846e-03) (0.000000e+00 0.000000e+00 0.000000e+00)) ((2.185729e+00 2.014702e+01 -2.791092e+01) (-6.203994e-05 2.554819e-03 1.020181e-03) (0.000000e+00 0.000000e+00 0.000000e+00))
0.307042      	((-9.868097e-02 9.471718e+00 6.836658e+00) (-3.724498e-02 -7.883780e-04 -2.462601e-03) (0.000000e+00 0.000000e+00 0.000000e+00)) ((2.168489e+00 2.003011e+01 -2.767316e+01) (-7.220639e-05 2.503144e-03 9.912000e-04) (0.000000e+00 0.000000e+00 0.000000e+00))
0.337917      	((-8.714945e-02 9.376775e+00 6.790488e+00) (-3.653408e-02 -1.097780e-03 -1.977721e-03) (0.000000e+00 0.000000e+00 0.000000e+00)) ((2.148941e+00 1.989490e+01 -2.740374e+01) (-1.629526e-04 3.714190e-03 1.947465e-03) (0.000000e+00 0.000000e+00 0.000000e+00))
0.368588      	((-7.853884e-02 9.268312e+00 6.733877e+00) (-3.601311e-02 -1.436309e-03 -1.428496e-03) (0.000000e+00 0.000000e+00 0.000000e+00)) ((2.126285e+00 1.972942e+01 -2.709264e+01) (-2.653073e-04 5.153561e-03 2.970587e-03) (0.000000e+00 0.000000e+00 0.000000e+00))
0.402149      	((-7.021568e-02 9.161865e+00 6.676170e+00) (-3.540611e-02 -1.739399e-03 -7.123584e-04) (0.000000e+00 0.000000e+00 0.000000e+00)) ((2.103926e+00 1.956069e+01 -2.678730e+01) (-3.687047e-04 7.080161e-03 3.869756e-03) (0.000000e+00 0.000000e+00 0.000000e+00))
0.420689      	((-6.699124e-02 9.123659e+00 6.650901e+00) (-3.515714e-02 -2.020181e-03 -1.713427e-04) (0.000000e+00 0.000000e+00 0.000000e+00)) ((2.095810e+00 1.948698e+01 -2.667807e+01) (-4.533996e-04 8.589697e-03 4.720670e-03) (0.000000e+00 0.000000e+00 0.000000e+00))
0.442599      	((-6.240141e-02 9.071925e+00 6.622626e+00) (-3.490531e-02 -2.244259e-03 4.108010e-04) (0.000000e+00 0.000000e+00 0.000000e+00)) ((2.084761e+00 1.940426e+01 -2.653010e+01) (-5.292217e-04 1.022309e-02 5.385573e-03) (0.000000e+00 0.000000e+00 0.000000e+00))
0.468203      	((-5.627893e-02 9.042896e+00 6.604593e+00) (-3.482722e-02 -2.445011e-03 9.573534e-04) (0.000000e+00 0.000000e+00 0.000000e+00)) ((2.078420e+00 1.935154e+01 -2.644985e+01) (-5.974259e-04 1.180502e-02 5.974556e-03) (0.000000e+00 0.000000e+00 0.000000e+00))
0.497068      	((-5.106761e-02 9.036425e+00 6.593695e+00) (-3.513891e-02 -2.650916e-03 1.165929e-03) (0.000000e+00 0.000000e+00 0.000000e+00)) ((2.076702e+00 1.931970e+01 -2.643490e+01) (-6.510095e-04 1.247256e-02 6.558934e-03) (0.000000e+00 0.000000e+00 0.000000e+00))
0.529232      	((-4.348301e-02 9.035596e+00 6.591736e+00) (-3.537917e-02 -2.701173e-03 1.058287e-03) (0.000000e+00 0.000000e+00 0.000000e+00)) ((2.076091e+00 1.931404e+01 -2.643836e+01) (-6.609365e-04 1.217581e-02 6.693367e-03) (0.000000e+00 0.000000e+00 0.000000e+00))
0.560064      	((-3.741079e-02 9.052656e+00 6.595170e+00) (-3.521880e-02 -2.726214e-03 1.116949e-03) (0.000000e+00 0.000000e+00 0.000000e+00)) ((2.079393e+00 1.932426e+01 -2.649298e+01) (-6.700176e-04 1.229361e-02 6.752375e-03) (0.000000e+00 0.000000e+00 0.000000e+00))
0.577544      	((-3.372682e-02 9.058115e+00 6.597677e+00) (-3.531193e-02 -2.755379e-03 9.818215e-04) (0.000000e+00 0.000000e+00 0.000000e+00)) ((2.080372e+00 1.933178e+01 -2.651190e+01) (-6.712731e-04 1.190153e-02 6.843750e-03) (0.000000e+00 0.000000e+00 0.000000e+00))
0.598504      	((-2.866310e-02 9.067065e+00 6.605586e+00) (-3.517081e-02 -2.723742e-03 8.257169e-04) (0.000000e+00 0.000000e+00 0.000000e+00)) ((2.082177e+00 1.935498e+01 -2.654206e+01) (-6.612538e-04 1.139819e-02 6.749885e-03) (0.000000e+00 0.000000e+00 0.000000e+00))
0.623093      	((-2.423500e-02 9.089677e+00 6.617767e+00) (-3.502706e-02 -2.712643e-03 7.659104e-04) (0.000000e+00 0.000000e+00 0.000000e+00)) ((2.086886e+00 1.939121e+01 -2.661206e+01) (-6.567661e-04 1.117633e-02 6.717900e-03) (0.000000e+00 0.000000e+00 0.000000e+00))
0.651515      	((-1.649807e-02 9.104366e+00 6.631560e+00) (-3.490166e-02 -2.744561e-03 6.334582e-04) (0.000000e+00 0.000000e+00 0.000000e+00)) ((2.089998e+00 1.943152e+01 -2.666097e+01) (-6.591237e-04 1.073291e-02 6.814941e-03) (0.000000e+00 0.000000e+00 0.000000e+00))
0.683726      	((-1.182814e-02 9.122915e+00 6.644776e+00) (-3.478985e-02 -2.898833e-03 4.876536e-04) (0.000000e+00 0.000000e+00 0.000000e+00)) ((2.093919e+00 1.947097e+01 -2.671952e+01) (-6.855995e-04 1.023464e-02 7.314105e-03) (0.000000e+00 0.000000e+00 0.000000e+00))
0.719695      	((-3.634901e-03 9.143629e+00 6.661490e+00) (-3.444863e-02 -2.643129e-03 5.685995e-04) (0.000000e+00 0.000000e+00 0.000000e+00)) ((2.098398e+00 1.952002e+01 -2.678663e+01) (-6.399360e-04 1.039704e-02 6.511305e-03) (0.000000e+00 0.000000e+00 0.000000e+00))
0.755069      	((1.350226e-03 9.159914e+00 6.673331e+00) (-3.436314e-02 -2.699918e-03 6.122621e-04) (0.000000e+00 0.000000e+00 0.000000e+00)) ((2.101838e+00 1.955509e+01 -2.683852e+01) (-6.542743e-04 1.047566e-02 6.705228e-03) (0.000000e+00 0.000000e+00 0.000000e+00))
0.794374      	((6.110264e-03 9.186103e+00 6.689327e+00) (-3.416465e-02 -2.740486e-03 5.112306e-04) (0.000000e+00 0.000000e+00 0.000000e+00)) ((2.107409e+00 1.960205e+01 -2.691916e+01) (-6.573613e-04 1.011491e-02 6.821966e-03) (0.000000e+00 0.000000e+00 0.000000e+00))
0.828846      	((1.219191e-02 9.203880e+00 6.699916e+00) (-3.398405e-02 -2.683094e-03 4.800938e-04) (0.000000e+00 0.000000e+00 0.000000e+00)) ((2.111193e+00 1.963292e+01 -2.697584e+01) (-6.456699e-04 9.956921e-03 6.655194e-03) (0.000000e+00 0.000000e+00 0.000000e+00))
0.867114      	((1.331984e-02 9.216866e+00 6.710420e+00) (-3.370552e-02 -2.741105e-03 4.012326e-04) (0.000000e+00 0.000000e+00 0.000000e+00)) ((2.113944e+00 1.966351e+01 -2.701480e+01) (-6.559153e-04 9.628726e-03 6.826421e-03) (0.000000e+00 0.000000e+00 0.000000e+00))
0.904015      	((1.536249e-02 9.239047e+00 6.723452e+00) (-3.359614e-02 -2.572661e-03 3.176059e-04) (0.000000e+00 0.000000e+00 0.000000e+00)) ((2.118572e+00 1.970158e+01 -2.708140e+01) (-6.214436e-04 9.327886e-03 6.324043e-03) (0.000000e+00 0.000000e+00 0.000000e+00))
0.944975      	((1.567911e-02 9.253676e+00 6.733568e+00) (-3.343107e-02 -2.604467e-03 1.917135e-04) (0.000000e+00 0.000000e+00 0.000000e+00)) ((2.121652e+00 1.973088e+01 -2.712442e+01) (-6.213428e-04 8.885042e-03 6.439728e-03) (0.000000e+00 0.000000e+00 0.000000e+00))
0.98473       	((1.381427e-02 9.272623e+00 6.746924e+00) (-3.325574e-02 -2.753430e-03 8.995551e-05) (0.000000e+00 0.000000e+00 0.000000e+00)) ((2.125605e+00 1.977007e+01 -2.717867e+01) (-6.492897e-04 8.537578e-03 6.878294e-03) (0.000000e+00 0.000000e+00 0.000000e+00))
1.02334       	((1.165697e-02 9.276619e+00 6.752433e+00) (-3.313591e-02 -2.630111e-03 -3.309165e-05) (0.000000e+00 0.000000e+00 0.000000e+00)) ((2.126385e+00 1.978598e+01 -2.718871e+01) (-6.179123e-04 8.139800e-03 6.529615e-03) (0.000000e+00 0.000000e+00 0.000000e+00))
1.06232       	((9.652422e-03 9.298977e+00 6.765971e+00) (-3.295056e-02 -2.621412e-03 -1.885595e-05) (0.000000e+00 0.000000e+00 0.000000e+00)) ((2.131113e+00 1.982565e+01 -2.725276e+01) (-6.151580e-04 8.137820e-03 6.506999e-03) (0.000000e+00 0.000000e+00 0.000000e+00))
1.09812       	((6.339211e-03 9.303406e+00 6.770338e+00) (-3.293791e-02 -2.536480e-03 -1.673294e-04) (0.000000e+00 0.000000e+00 0.000000e+00)) ((2.131946e+00 1.983826e+01 -2.726309e+01) (-5.910319e-04 7.689944e-03 6.259237e-03) (0.000000e+00 0.000000e+00 0.000000e+00))
1.13235       	((3.325297e-03 9.312623e+00 6.776548e+00) (-3.283734e-02 -2.489561e-03 -3.182216e-04) (0.000000e+00 0.000000e+00 0.000000e+00)) ((2.133885e+00 1.985640e+01 -2.728783e+01) (-5.747478e-04 7.225938e-03 6.114971e-03) (0.000000e+00 0.000000e+00 0.000000e+00))
1.16513       	((2.227888e-04 9.314736e+00 6.779546e+00) (-3.276497e-02 -2.409822e-03 -3.959937e-04) (0.000000e+00 0.000000e+00 0.000000e+00)) ((2.134322e+00 1.986494e+01 -2.729143e+01) (-5.534627e-04 6.982833e-03 5.896104e-03) (0.000000e+00 0.000000e+00 0.000000e+00))
1.20165       	((-4.848876e-03 9.318498e+00 6.780500e+00) (-3.267805e-02 -2.434025e-03 -3.754921e-04) (0.000000e+00 0.000000e+00 0.000000e+00)) ((2.135080e+00 1.986770e+01 -2.729865e+01) (-5.572785e-04 7.010233e-03 5.971023e-03) (0.000000e+00 0.000000e+00 0.000000e+00))
1.23817       	((-8.087130e-03 9.315568e+00 6.781021e+00) (-3.267576e-02 -2.473278e-03 -5.123515e-04) (0.000000e+00 0.000000e+00 0.000000e+00)) ((2.134424e+00 1.986888e+01 -2.728736e+01) (-5.600600e-04 6.617071e-03 6.074225e-03) (0.000000e+00 0.000000e+00 0.000000e+00))
1.26411       	((-1.043429e-02 9.315417e+00 6.780287e+00) (-3.258924e-02 -2.397740e-03 -5.024795e-04) (0.000000e+00 0.000000e+00 0.000000e+00)) ((2.134413e+00 1.986652e+01 -2.728498e+01) (-5.438261e-04 6.631283e-03 5.883897e-03) (0.000000e+00 0.000000e+00 0.000000e+00))
1.29353       	((-1.492618e-02 9.305816e+00 6.775258e+00) (-3.252255e-02 -2.411244e-03 -5.636751e-04) (0.000000e+00 0.000000e+00 0.000000e+00)) ((2.132357e+00 1.985173e+01 -2.725338e+01) (-5.423833e-04 6.447363e-03 5.926816e-03) (0.000000e+00 0.000000e+00 0.000000e+00))
1.32604       	((-1.946970e-02 9.298580e+00 6.771172e+00) (-3.254844e-02 -2.507025e-03 -5.904402e-04) (0.000000e+00 0.000000e+00 0.000000e+00)) ((2.130775e+00 1.983957e+01 -2.722861e+01) (-5.594696e-04 6.382940e-03 6.183613e-03) (0.000000e+00 0.000000e+00 0.000000e+00))
1.36103       	((-2.235415e-02 9.289617e+00 6.765482e+00) (-3.247941e-02 -2.351441e-03 -6.031688e-04) (0.000000e+00 0.000000e+00 0.000000e+00)) ((2.128881e+00 1.982264e+01 -2.719991e+01) (-5.278740e-04 6.340857e-03 5.768190e-03) (0.000000e+00 0.000000e+00 0.000000e+00))
1.39086       	((-2.649640e-02 9.279621e+00 6.760403e+00) (-3.241367e-02 -2.424564e-03 -5.987798e-04) (0.000000e+00 0.000000e+00 0.000000e+00)) ((2.126736e+00 1.980760e+01 -2.716735e+01) (-5.426255e-04 6.339424e-03 5.968454e-03) (0.000000e+00 0.000000e+00 0.000000e+00))
1.42428       	((-2.991435e-02 9.265987e+00 6.752290e+00) (-3.237676e-02 -2.398797e-03 -5.858549e-04) (0.000000e+00 0.000000e+00 0.000000e+00)) ((2.123845e+00 1.978384e+01 -2.712475e+01) (-5.378347e-04 6.386457e-03 5.912401e-03) (0.000000e+00 0.000000e+00 0.000000e+00))
1.45833       	((-3.357588e-02 9.254793e+00 6.745296e+00) (-3.238839e-02 -2.412921e-03 -5.832061e-04) (0.000000e+00 0.000000e+00 0.000000e+00)) ((2.121480e+00 1.976320e+01 -2.708902e+01) (-5.404244e-04 6.400718e-03 5.962213e-03) (0.000000e+00 0.000000e+00 0.000000e+00))
1.49306       	((-3.619100e-02 9.240992e+00 6.737406e+00) (-3.238366e-02 -2.492746e-03 -5.841809e-04) (0.000000e+00 0.000000e+00 0.000000e+00)) ((2.118530e+00 1.974005e+01 -2.704655e+01) (-5.563876e-04 6.419411e-03 6.177700e-03) (0.000000e+00 0.000000e+00 0.000000e+00))
1.52997       	((-3.871723e-02 9.233784e+00 6.731133e+00) (-3.232796e-02 -2.460281e-03 -5.297978e-04) (0.000000e+00 0.000000e+00 0.000000e+00)) ((2.117066e+00 1.972165e+01 -2.702342e+01) (-5.522134e-04 6.575406e-03 6.102573e-03) (0.000000e+00 0.000000e+00 0.000000e+00))
1.56433       	((-3.968409e-02 9.222080e+00 6.723616e+00) (-3.238329e-02 -2.368058e-03 -5.314931e-04) (0.000000e+00 0.000000e+00 0.000000e+00)) ((2.114553e+00 1.969954e+01 -2.698823e+01) (-5.353460e-04 6.594648e-03 5.843306e-03) (0.000000e+00 0.000000e+00 0.000000e+00))
1.60012       	((-4.058464e-02 9.212323e+00 6.717989e+00) (-3.229926e-02 -2.604217e-03 -4.821567e-04) (0.000000e+00 0.000000e+00 0.000000e+00)) ((2.112593e+00 1.968302e+01 -2.695894e+01) (-5.855214e-04 6.751278e-03 6.525309e-03) (0.000000e+00 0.000000e+00 0.000000e+00))
1.63312       	((-4.244025e-02 9.207739e+00 6.711861e+00) (-3.231507e-02 -2.570575e-03 -4.329008e-04) (0.000000e+00 0.000000e+00 0.000000e+00)) ((2.111632e+00 1.966522e+01 -2.694414e+01) (-5.801409e-04 6.892442e-03 6.435089e-03) (0.000000e+00 0.000000e+00 0.000000e+00))
1.66972       	((-4.082718e-02 9.200702e+00 6.708387e+00) (-3.219180e-02 -2.614484e-03 -3.128603e-04) (0.000000e+00 0.000000e+00 0.000000e+00)) ((2.110224e+00 1.965490e+01 -2.692453e+01) (-5.942003e-04 7.228767e-03 6.575972e-03) (0.000000e+00 0.000000e+00 0.000000e+00))
1.70632       	((-4.190345e-02 9.198471e+00 6.704465e+00) (-3.223193e-02 -2.644878e-03 -3.739195e-04) (0.000000e+00 0.000000e+00 0.000000e+00)) ((2.109849e+00 1.964371e+01 -2.691747e+01) (-6.010710e-04 7.062378e-03 6.639977e-03) (0.000000e+00 0.000000e+00 0.000000e+00))
1.74099       	((-4.078689e-02 9.197976e+00 6.703541e+00) (-3.220370e-02 -2.734204e-03 -2.337775e-04) (0.000000e+00 0.000000e+00 0.000000e+00)) ((2.109828e+00 1.964100e+01 -2.691675e+01) (-6.256690e-04 7.477521e-03 6.923464e-03) (0.000000e+00 0.000000e+00 0.000000e+00))
1.77933       	((-3.902727e-02 9.200087e+00 6.703369e+00) (-3.215118e-02 -2.729813e-03 -1.510963e-04) (0.000000e+00 0.000000e+00 0.000000e+00)) ((2.110355e+00 1.964061e+01 -2.692434e+01) (-6.284729e-04 7.722362e-03 6.910668e-03) (0.000000e+00 0.000000e+00 0.000000e+00))
1.80783       	((-3.861139e-02 9.207476e+00 6.705478e+00) (-3.219960e-02 -2.738240e-03 -1.155633e-04) (0.000000e+00 0.000000e+00 0.000000e+00)) ((2.112006e+00 1.964693e+01 -2.694640e+01) (-6.320110e-04 7.829145e-03 6.947962e-03) (0.000000e+00 0.000000e+00 0.000000e+00))
1.83944       	((-3.570109e-02 9.209504e+00 6.706200e+00) (-3.217370e-02 -2.800824e-03 -1.088494e-04) (0.000000e+00 0.000000e+00 0.000000e+00)) ((2.112470e+00 1.964903e+01 -2.695448e+01) (-6.460017e-04 7.853949e-03 7.130351e-03) (0.000000e+00 0.000000e+00 0.000000e+00))
1.87495       	((-3.407904e-02 9.223563e+00 6.711657e+00) (-3.210352e-02 -2.771664e-03 -5.210433e-05) (0.000000e+00 0.000000e+00 0.000000e+00)) ((2.115598e+00 1.966530e+01 -2.699706e+01) (-6.440095e-04 8.003271e-03 7.032348e-03) (0.000000e+00 0.000000e+00 0.000000e+00))
1.91401       	((-3.188696e-02 9.234773e+00 6.716318e+00) (-3.221441e-02 -2.770396e-03 -1.116671e-04) (0.000000e+00 0.000000e+00 0.000000e+00)) ((2.118036e+00 1.967909e+01 -2.703170e+01) (-6.425232e-04 7.853432e-03 7.009035e-03) (0.000000e+00 0.000000e+00 0.000000e+00))
1.95259       	((-2.820864e-02 9.246153e+00 6.721461e+00) (-3.211531e-02 -2.833856e-03 -1.696877e-04) (0.000000e+00 0.000000e+00 0.000000e+00)) ((2.120567e+00 1.969412e+01 -2.706770e+01) (-6.561008e-04 7.632376e-03 7.198097e-03) (0.000000e+00 0.000000e+00 0.000000e+00))
1.99166       	((-2.619798e-02 9.260032e+00 6.728348e+00) (-3.204058e-02 -2.819955e-03 -4.619203e-05) (0.000000e+00 0.000000e+00 0.000000e+00)) ((2.123570e+00 1.971457e+01 -2.711010e+01) (-6.574323e-04 7.976655e-03 7.185776e-03) (0.000000e+00 0.000000e+00 0.000000e+00))
2.02974       	((-2.381471e-02 9.270759e+00 6.733189e+00) (-3.202629e-02 -2.831517e-03 -3.362868e-05) (0.000000e+00 0.000000e+00 0.000000e+00)) ((2.125919e+00 1.972869e+01 -2.714322e+01) (-6.598522e-04 8.008240e-03 7.197219e-03) (0.000000e+00 0.000000e+00 0.000000e+00))
2.06349       	((-2.122596e-02 9.284391e+00 6.740515e+00) (-3.202078e-02 -2.808820e-03 -1.276588e-04) (0.000000e+00 0.000000e+00 0.000000e+00)) ((2.128872e+00 1.975028e+01 -2.718526e+01) (-6.539273e-04 7.718005e-03 7.130491e-03) (0.000000e+00 0.000000e+00 0.000000e+00))
2.09146       	((-2.093862e-02 9.293239e+00 6.743852e+00) (-3.199300e-02 -2.864693e-03 -1.610442e-04) (0.000000e+00 0.000000e+00 0.000000e+00)) ((2.130726e+00 1.976028e+01 -2.721150e+01) (-6.641036e-04 7.605875e-03 7.303716e-03) (0.000000e+00 0.000000e+00 0.000000e+00))
2.12307       	((-1.837818e-02 9.296395e+00 6.747712e+00) (-3.200319e-02 -2.833666e-03 -2.351825e-04) (0.000000e+00 0.000000e+00 0.000000e+00)) ((2.131418e+00 1.977138e+01 -2.722258e+01) (-6.567390e-04 7.385508e-03 7.196939e-03) (0.000000e+00 0.000000e+00 0.000000e+00))
2.15816       	((-1.741947e-02 9.308156e+00 6.752788e+00) (-3.196170e-02 -2.784392e-03 -2.726314e-04) (0.000000e+00 0.000000e+00 0.000000e+00)) ((2.133908e+00 1.978643e+01 -2.725784e+01) (-6.450136e-04 7.258795e-03 7.050534e-03) (0.000000e+00 0.000000e+00 0.000000e+00))
2.19324       	((-1.773391e-02 9.315615e+00 6.756630e+00) (-3.194937e-02 -2.810073e-03 -3.643537e-04) (0.000000e+00 0.000000e+00 0.000000e+00)) ((2.135413e+00 1.979782e+01 -2.727954e+01) (-6.457306e-04 6.972003e-03 7.132582e-03) (0.000000e+00 0.000000e+00 0.000000e+00))
2.23222       	((-1.564834e-02 9.312102e+00 6.758490e+00) (-3.182243e-02 -2.713889e-03 -4.294698e-04) (0.000000e+00 0.000000e+00 0.000000e+00)) ((2.134665e+00 1.980314e+01 -2.727075e+01) (-6.263922e-04 6.737952e-03 6.842453e-03) (0.000000e+00 0.000000e+00 0.000000e+00))
2.27234       	((-1.670039e-02 9.314832e+00 6.759473e+00) (-3.193015e-02 -2.725813e-03 -4.607798e-04) (0.000000e+00 0.000000e+00 0.000000e+00)) ((2.135174e+00 1.980617e+01 -2.727799e+01) (-6.266085e-04 6.669704e-03 6.886756e-03) (0.000000e+00 0.000000e+00 0.000000e+00))
2.31075       	((-1.670225e-02 9.311933e+00 6.759865e+00) (-3.184538e-02 -2.747796e-03 -4.997577e-04) (0.000000e+00 0.000000e+00 0.000000e+00)) ((2.134482e+00 1.980734e+01 -2.726953e+01) (-6.282002e-04 6.536020e-03 6.937550e-03) (0.000000e+00 0.000000e+00 0.000000e+00))
2.34614       	((-1.618720e-02 9.305588e+00 6.759445e+00) (-3.182103e-02 -2.668504e-03 -5.509076e-04) (0.000000e+00 0.000000e+00 0.000000e+00)) ((2.133114e+00 1.980609e+01 -2.725132e+01) (-6.110336e-04 6.370109e-03 6.717350e-03) (0.000000e+00 0.000000e+00 0.000000e+00))
2.3753        	((-1.805184e-02 9.304167e+00 6.757781e+00) (-3.172406e-02 -2.731433e-03 -5.067079e-04) (0.000000e+00 0.000000e+00 0.000000e+00)) ((2.132758e+00 1.980134e+01 -2.724582e+01) (-6.239774e-04 6.471781e-03 6.901274e-03) (0.000000e+00 0.000000e+00 0.000000e+00))
2.4077        	((-1.762984e-02 9.291824e+00 6.754525e+00) (-3.170271e-02 -2.724064e-03 -5.088479e-04) (0.000000e+00 0.000000e+00 0.000000e+00)) ((2.130047e+00 1.979169e+01 -2.720994e+01) (-6.234341e-04 6.468202e-03 6.882454e-03) (0.000000e+00 0.000000e+00 0.000000e+00))
2.44371       	((-1.944067e-02 9.282418e+00 6.751011e+00) (-3.170326e-02 -2.714276e-03 -4.831176e-04) (0.000000e+00 0.000000e+00 0.000000e+00)) ((2.127981e+00 1.978140e+01 -2.718109e+01) (-6.209553e-04 6.548275e-03 6.844740e-03) (0.000000e+00 0.000000e+00 0.000000e+00))
2.4813        	((-2.095213e-02 9.274224e+00 6.747564e+00) (-3.178864e-02 -2.660408e-03 -5.723830e-04) (0.000000e+00 0.000000e+00 0.000000e+00)) ((2.126116e+00 1.977121e+01 -2.715586e+01) (-6.055842e-04 6.299507e-03 6.700890e-03) (0.000000e+00 0.000000e+00 0.000000e+00))
2.51093       	((-2.054793e-02 9.264642e+00 6.744930e+00) (-3.172173e-02 -2.765573e-03 -5.769143e-04) (0.000000e+00 0.000000e+00 0.000000e+00)) ((2.124038e+00 1.976354e+01 -2.712816e+01) (-6.267361e-04 6.280136e-03 6.993679e-03) (0.000000e+00 0.000000e+00 0.000000e+00))
2.54368       	((-2.279284e-02 9.254025e+00 6.740003e+00) (-3.168365e-02 -2.711087e-03 -5.274040e-04) (0.000000e+00 0.000000e+00 0.000000e+00)) ((2.121736e+00 1.974914e+01 -2.709543e+01) (-6.173463e-04 6.424713e-03 6.848195e-03) (0.000000e+00 0.000000e+00 0.000000e+00))
2.57981       	((-2.260041e-02 9.242636e+00 6.736414e+00) (-3.160002e-02 -2.752527e-03 -4.096255e-04) (0.000000e+00 0.000000e+00 0.000000e+00)) ((2.119236e+00 1.973861e+01 -2.706219e+01) (-6.293800e-04 6.754702e-03 6.971406e-03) (0.000000e+00 0.000000e+00 0.000000e+00))
2.6154        	((-2.263140e-02 9.235767e+00 6.734204e+00) (-3.176624e-02 -2.691883e-03 -4.159878e-04) (0.000000e+00 0.000000e+00 0.000000e+00)) ((2.117737e+00 1.973204e+01 -2.704205e+01) (-6.163931e-04 6.784666e-03 6.799345e-03) (0.000000e+00 0.000000e+00 0.000000e+00))
2.64946       	((-2.361090e-02 9.230335e+00 6.730462e+00) (-3.173875e-02 -2.751573e-03 -4.477403e-04) (0.000000e+00 0.000000e+00 0.000000e+00)) ((2.116583e+00 1.972121e+01 -2.702551e+01) (-6.256261e-04 6.685865e-03 6.967587e-03) (0.000000e+00 0.000000e+00 0.000000e+00))
2.67421       	((-2.278823e-02 9.226680e+00 6.730673e+00) (-3.168970e-02 -2.716003e-03 -3.958748e-04) (0.000000e+00 0.000000e+00 0.000000e+00)) ((2.115765e+00 1.972170e+01 -2.701538e+01) (-6.199367e-04 6.822142e-03 6.855432e-03) (0.000000e+00 0.000000e+00 0.000000e+00))
2.70223       	((-2.291888e-02 9.221238e+00 6.727549e+00) (-3.154442e-02 -2.803064e-03 -2.814650e-04) (0.000000e+00 0.000000e+00 0.000000e+00)) ((2.114630e+00 1.971253e+01 -2.699940e+01) (-6.424367e-04 7.131194e-03 7.124459e-03) (0.000000e+00 0.000000e+00 0.000000e+00))
2.7337        	((-2.265907e-02 9.222073e+00 6.727316e+00) (-3.155823e-02 -2.783360e-03 -2.818046e-04) (0.000000e+00 0.000000e+00 0.000000e+00)) ((2.114840e+00 1.971187e+01 -2.700208e+01) (-6.407550e-04 7.125134e-03 7.061888e-03) (0.000000e+00 0.000000e+00 0.000000e+00))
2.76857       	((-2.168046e-02 9.220587e+00 6.727959e+00) (-3.163174e-02 -2.832243e-03 -2.514007e-04) (0.000000e+00 0.000000e+00 0.000000e+00)) ((2.114521e+00 1.971368e+01 -2.699854e+01) (-6.503615e-04 7.242805e-03 7.212101e-03) (0.000000e+00 0.000000e+00 0.000000e+00))
2.80639       	((-2.082363e-02 9.225160e+00 6.729029e+00) (-3.163544e-02 -2.798617e-03 -2.344324e-04) (0.000000e+00 0.000000e+00 0.000000e+00)) ((2.115528e+00 1.971672e+01 -2.701253e+01) (-6.430964e-04 7.305198e-03 7.112675e-03) (0.000000e+00 0.000000e+00 0.000000e+00))
2.82877       	((-2.016705e-02 9.230222e+00 6.731228e+00) (-3.152505e-02 -2.805625e-03 -1.495375e-04) (0.000000e+00 0.000000e+00 0.000000e+00)) ((2.116649e+00 1.972315e+01 -2.702791e+01) (-6.467979e-04 7.525050e-03 7.140276e-03) (0.000000e+00 0.000000e+00 0.000000e+00))
2.85493       	((-1.957061e-02 9.226723e+00 6.730013e+00) (-3.145182e-02 -2.843841e-03 -1.068970e-04) (0.000000e+00 0.000000e+00 0.000000e+00)) ((2.115907e+00 1.971952e+01 -2.701811e+01) (-6.575736e-04 7.625352e-03 7.252578e-03) (0.000000e+00 0.000000e+00 0.000000e+00))
2.88473       	((-1.899067e-02 9.241241e+00 6.735067e+00) (-3.149270e-02 -2.839556e-03 -5.867363e-05) (0.000000e+00 0.000000e+00 0.000000e+00)) ((2.119054e+00 1.973438e+01 -2.706112e+01) (-6.586275e-04 7.777678e-03 7.244162e-03) (0.000000e+00 0.000000e+00 0.000000e+00))
2.9183        	((-1.725309e-02 9.246747e+00 6.738654e+00) (-3.160148e-02 -2.699522e-03 -1.796636e-04) (0.000000e+00 0.000000e+00 0.000000e+00)) ((2.120276e+00 1.974474e+01 -2.707854e+01) (-6.259490e-04 7.436125e-03 6.820597e-03) (0.000000e+00 0.000000e+00 0.000000e+00))
2.95548       	((-1.658744e-02 9.259181e+00 6.743632e+00) (-3.147131e-02 -2.855865e-03 -2.186620e-04) (0.000000e+00 0.000000e+00 0.000000e+00)) ((2.122928e+00 1.975929e+01 -2.711546e+01) (-6.556115e-04 7.289488e-03 7.272988e-03) (0.000000e+00 0.000000e+00 0.000000e+00))
2.99265       	((-1.623232e-02 9.272012e+00 6.748192e+00) (-3.143623e-02 -2.714012e-03 -1.221907e-04) (0.000000e+00 0.000000e+00 0.000000e+00)) ((2.125720e+00 1.977266e+01 -2.715334e+01) (-6.308136e-04 7.560117e-03 6.883627e-03) (0.000000e+00 0.000000e+00 0.000000e+00))
3.03052       	((-1.475469e-02 9.279556e+00 6.752788e+00) (-3.152753e-02 -2.806382e-03 -2.788440e-04) (0.000000e+00 0.000000e+00 0.000000e+00)) ((2.127375e+00 1.978599e+01 -2.717654e+01) (-6.439883e-04 7.116997e-03 7.131341e-03) (0.000000e+00 0.000000e+00 0.000000e+00))
3.05577       	((-1.444788e-02 9.290645e+00 6.756479e+00) (-3.139770e-02 -2.807275e-03 -1.983744e-04) (0.000000e+00 0.000000e+00 0.000000e+00)) ((2.129755e+00 1.979678e+01 -2.720919e+01) (-6.469986e-04 7.321018e-03 7.145584e-03) (0.000000e+00 0.000000e+00 0.000000e+00))
3.08436       	((-1.522242e-02 9.294392e+00 6.757795e+00) (-3.136208e-02 -2.755190e-03 -1.608465e-04) (0.000000e+00 0.000000e+00 0.000000e+00)) ((2.130582e+00 1.980066e+01 -2.721960e+01) (-6.374827e-04 7.407132e-03 7.004787e-03) (0.000000e+00 0.000000e+00 0.000000e+00))
3.11629       	((-1.463382e-02 9.299863e+00 6.760761e+00) (-3.146431e-02 -2.772676e-03 -3.232102e-04) (0.000000e+00 0.000000e+00 0.000000e+00)) ((2.131776e+00 1.980917e+01 -2.723591e+01) (-6.349156e-04 6.966610e-03 7.033001e-03) (0.000000e+00 0.000000e+00 0.000000e+00))
3.15183       	((-1.652333e-02 9.313202e+00 6.764830e+00) (-3.144838e-02 -2.750344e-03 -4.017121e-04) (0.000000e+00 0.000000e+00 0.000000e+00)) ((2.134627e+00 1.982118e+01 -2.727359e+01) (-6.264866e-04 6.718597e-03 6.969983e-03) (0.000000e+00 0.000000e+00 0.000000e+00))
3.18737       	((-1.686679e-02 9.313875e+00 6.765550e+00) (-3.139403e-02 -2.675686e-03 -4.017522e-04) (0.000000e+00 0.000000e+00 0.000000e+00)) ((2.134764e+00 1.982313e+01 -2.727515e+01) (-6.123766e-04 6.698220e-03 6.766770e-03) (0.000000e+00 0.000000e+00 0.000000e+00))
3.22363       	((-1.775332e-02 9.315863e+00 6.766815e+00) (-3.142612e-02 -2.609731e-03 -4.961048e-04) (0.000000e+00 0.000000e+00 0.000000e+00)) ((2.135198e+00 1.982671e+01 -2.728018e+01) (-5.960950e-04 6.426655e-03 6.557675e-03) (0.000000e+00 0.000000e+00 0.000000e+00))
3.26142       	((-2.088894e-02 9.318114e+00 6.765722e+00) (-3.147929e-02 -2.681922e-03 -4.701326e-04) (0.000000e+00 0.000000e+00 0.000000e+00)) ((2.135632e+00 1.982366e+01 -2.728442e+01) (-6.101516e-04 6.508539e-03 6.775256e-03) (0.000000e+00 0.000000e+00 0.000000e+00))
3.29922       	((-2.191297e-02 9.313677e+00 6.764429e+00) (-3.146815e-02 -2.752539e-03 -5.734284e-04) (0.000000e+00 0.000000e+00 0.000000e+00)) ((2.134655e+00 1.981965e+01 -2.727047e+01) (-6.204941e-04 6.206741e-03 6.963667e-03) (0.000000e+00 0.000000e+00 0.000000e+00))
3.33701       	((-2.422297e-02 9.312479e+00 6.762493e+00) (-3.153932e-02 -2.620382e-03 -7.219403e-04) (0.000000e+00 0.000000e+00 0.000000e+00)) ((2.134385e+00 1.981408e+01 -2.726518e+01) (-5.909019e-04 5.782789e-03 6.581133e-03) (0.000000e+00 0.000000e+00 0.000000e+00))
3.37095       	((-2.731337e-02 9.304541e+00 6.758958e+00) (-3.148284e-02 -2.667024e-03 -5.881337e-04) (0.000000e+00 0.000000e+00 0.000000e+00)) ((2.132667e+00 1.980375e+01 -2.723959e+01) (-6.031607e-04 6.163411e-03 6.732985e-03) (0.000000e+00 0.000000e+00 0.000000e+00))
3.40715       	((-2.856455e-02 9.293384e+00 6.753058e+00) (-3.165119e-02 -2.699874e-03 -6.978067e-04) (0.000000e+00 0.000000e+00 0.000000e+00)) ((2.130242e+00 1.978643e+01 -2.720586e+01) (-6.030205e-04 5.896929e-03 6.797864e-03) (0.000000e+00 0.000000e+00 0.000000e+00))
3.44508       	((-3.195946e-02 9.283466e+00 6.747308e+00) (-3.156096e-02 -2.617594e-03 -7.476950e-04) (0.000000e+00 0.000000e+00 0.000000e+00)) ((2.128112e+00 1.976966e+01 -2.717423e+01) (-5.855408e-04 5.722264e-03 6.576061e-03) (0.000000e+00 0.000000e+00 0.000000e+00))
3.48395       	((-3.308411e-02 9.270267e+00 6.740478e+00) (-3.149097e-02 -2.734219e-03 -7.052077e-04) (0.000000e+00 0.000000e+00 0.000000e+00)) ((2.125257e+00 1.974964e+01 -2.713464e+01) (-6.110923e-04 5.840921e-03 6.916542e-03) (0.000000e+00 0.000000e+00 0.000000e+00))
3.51055       	((-3.376153e-02 9.263083e+00 6.737572e+00) (-3.155689e-02 -2.606220e-03 -6.606447e-04) (0.000000e+00 0.000000e+00 0.000000e+00)) ((2.123738e+00 1.974109e+01 -2.711303e+01) (-5.868447e-04 5.994509e-03 6.565847e-03) (0.000000e+00 0.000000e+00 0.000000e+00))
3.54094       	((-3.634768e-02 9.246175e+00 6.728407e+00) (-3.147118e-02 -2.712985e-03 -6.083696e-04) (0.000000e+00 0.000000e+00 0.000000e+00)) ((2.120103e+00 1.971442e+01 -2.706162e+01) (-6.107851e-04 6.147562e-03 6.866737e-03) (0.000000e+00 0.000000e+00 0.000000e+00))
3.56654       	((-3.575905e-02 9.237912e+00 6.724423e+00) (-3.151585e-02 -2.626188e-03 -5.506249e-04) (0.000000e+00 0.000000e+00 0.000000e+00)) ((2.118322e+00 1.970268e+01 -2.703783e+01) (-5.952989e-04 6.334224e-03 6.620077e-03) (0.000000e+00 0.000000e+00 0.000000e+00))
3.59465       	((-3.714408e-02 9.228029e+00 6.718239e+00) (-3.148665e-02 -2.685242e-03 -5.825464e-04) (0.000000e+00 0.000000e+00 0.000000e+00)) ((2.116226e+00 1.968460e+01 -2.700777e+01) (-6.064707e-04 6.233548e-03 6.796484e-03) (0.000000e+00 0.000000e+00 0.000000e+00))
3.62588       	((-3.670805e-02 9.213875e+00 6.711853e+00) (-3.157013e-02 -2.708374e-03 -6.045969e-04) (0.000000e+00 0.000000e+00 0.000000e+00)) ((2.113178e+00 1.966594e+01 -2.696671e+01) (-6.120389e-04 6.189764e-03 6.857453e-03) (0.000000e+00 0.000000e+00 0.000000e+00))
3.66023       	((-3.740272e-02 9.206616e+00 6.706875e+00) (-3.152606e-02 -2.774377e-03 -4.781103e-04) (0.000000e+00 0.000000e+00 0.000000e+00)) ((2.111653e+00 1.965151e+01 -2.694498e+01) (-6.296622e-04 6.562182e-03 7.055197e-03) (0.000000e+00 0.000000e+00 0.000000e+00))
3.69851       	((-3.629859e-02 9.190289e+00 6.699870e+00) (-3.158359e-02 -2.821375e-03 -4.503286e-04) (0.000000e+00 0.000000e+00 0.000000e+00)) ((2.108180e+00 1.963094e+01 -2.689800e+01) (-6.405663e-04 6.684905e-03 7.197627e-03) (0.000000e+00 0.000000e+00 0.000000e+00))
3.73795       	((-3.527729e-02 9.187079e+00 6.696521e+00) (-3.155477e-02 -2.835081e-03 -4.237784e-04) (0.000000e+00 0.000000e+00 0.000000e+00)) ((2.107480e+00 1.962141e+01 -2.688959e+01) (-6.462753e-04 6.753546e-03 7.230743e-03) (0.000000e+00 0.000000e+00 0.000000e+00))
3.77031       	((-3.421379e-02 9.184977e+00 6.694958e+00) (-3.152418e-02 -2.786754e-03 -2.793290e-04) (0.000000e+00 0.000000e+00 0.000000e+00)) ((2.107076e+00 1.961682e+01 -2.688421e+01) (-6.416675e-04 7.161980e-03 7.089480e-03) (0.000000e+00 0.000000e+00 0.000000e+00))
3.80184       	((-3.109729e-02 9.172968e+00 6.690868e+00) (-3.150849e-02 -2.871940e-03 -2.941243e-04) (0.000000e+00 0.000000e+00 0.000000e+00)) ((2.104534e+00 1.960478e+01 -2.685137e+01) (-6.599252e-04 7.127687e-03 7.348592e-03) (0.000000e+00 0.000000e+00 0.000000e+00))
3.83708       	((-3.010047e-02 9.181572e+00 6.693180e+00) (-3.150218e-02 -2.898698e-03 -2.305725e-04) (0.000000e+00 0.000000e+00 0.000000e+00)) ((2.106426e+00 1.961197e+01 -2.687771e+01) (-6.675021e-04 7.312290e-03 7.420982e-03) (0.000000e+00 0.000000e+00 0.000000e+00))
3.87342       	((-2.658067e-02 9.178572e+00 6.692926e+00) (-3.145200e-02 -2.800827e-03 -2.040887e-04) (0.000000e+00 0.000000e+00 0.000000e+00)) ((2.105802e+00 1.961117e+01 -2.687154e+01) (-6.515221e-04 7.378166e-03 7.113342e-03) (0.000000e+00 0.000000e+00 0.000000e+00))
3.90863       	((-2.273742e-02 9.185662e+00 6.696342e+00) (-3.164058e-02 -2.651002e-03 -2.502105e-04) (0.000000e+00 0.000000e+00 0.000000e+00)) ((2.107385e+00 1.962123e+01 -2.689533e+01) (-6.180609e-04 7.289358e-03 6.677104e-03) (0.000000e+00 0.000000e+00 0.000000e+00))
3.94626       	((-2.136304e-02 9.196222e+00 6.699982e+00) (-3.149994e-02 -2.888660e-03 -1.630264e-04) (0.000000e+00 0.000000e+00 0.000000e+00)) ((2.109684e+00 1.963222e+01 -2.692757e+01) (-6.715086e-04 7.501571e-03 7.382259e-03) (0.000000e+00 0.000000e+00 0.000000e+00))
3.97196       	((-1.744444e-02 9.198304e+00 6.704077e+00) (-3.142330e-02 -2.930785e-03 -8.804090e-05) (0.000000e+00 0.000000e+00 0.000000e+00)) ((2.110126e+00 1.964397e+01 -2.693653e+01) (-6.833387e-04 7.708746e-03 7.512317e-03) (0.000000e+00 0.000000e+00 0.000000e+00))
4.00133       	((-1.519878e-02 9.208626e+00 6.707763e+00) (-3.133314e-02 -2.920396e-03 1.279048e-06) (0.000000e+00 0.000000e+00 0.000000e+00)) ((2.112402e+00 1.965509e+01 -2.696872e+01) (-6.840946e-04 7.944295e-03 7.490852e-03) (0.000000e+00 0.000000e+00 0.000000e+00))
4.03462       	((-1.306583e-02 9.223932e+00 6.716203e+00) (-3.144709e-02 -2.931011e-03 -2.157022e-05) (0.000000e+00 0.000000e+00 0.000000e+00)) ((2.115655e+00 1.967978e+01 -2.701522e+01) (-6.857055e-04 7.905203e-03 7.516231e-03) (0.000000e+00 0.000000e+00 0.000000e+00))
4.07175       	((-8.929091e-03 9.238152e+00 6.724638e+00) (-3.141717e-02 -2.859374e-03 -7.412014e-05) (0.000000e+00 0.000000e+00 0.000000e+00)) ((2.118736e+00 1.970449e+01 -2.706004e+01) (-6.703644e-04 7.725993e-03 7.292280e-03) (0.000000e+00 0.000000e+00 0.000000e+00))
4.11043       	((-7.191668e-03 9.258830e+00 6.734051e+00) (-3.135937e-02 -2.579058e-03 -9.602344e-05) (0.000000e+00 0.000000e+00 0.000000e+00)) ((2.123166e+00 1.973225e+01 -2.712212e+01) (-6.141555e-04 7.616154e-03 6.446102e-03) (0.000000e+00 0.000000e+00 0.000000e+00))
4.13447       	((-5.049498e-03 9.266008e+00 6.739950e+00) (-3.133806e-02 -3.023996e-03 -1.204688e-04) (0.000000e+00 0.000000e+00 0.000000e+00)) ((2.124713e+00 1.974943e+01 -2.714471e+01) (-7.008228e-04 7.543713e-03 7.765723e-03) (0.000000e+00 0.000000e+00 0.000000e+00))
4.16152       	((-3.902854e-03 9.277843e+00 6.746402e+00) (-3.128638e-02 -2.906199e-03 -8.159520e-05) (0.000000e+00 0.000000e+00 0.000000e+00)) ((2.127269e+00 1.976838e+01 -2.718033e+01) (-6.798687e-04 7.638563e-03 7.447505e-03) (0.000000e+00 0.000000e+00 0.000000e+00))
4.19147       	((-2.972237e-03 9.290266e+00 6.753235e+00) (-3.117174e-02 -2.926519e-03 -5.032899e-05) (0.000000e+00 0.000000e+00 0.000000e+00)) ((2.129915e+00 1.978830e+01 -2.721733e+01) (-6.842234e-04 7.695562e-03 7.502151e-03) (0.000000e+00 0.000000e+00 0.000000e+00))
4.22516       	((-1.749560e-03 9.305045e+00 6.762684e+00) (-3.126975e-02 -2.865004e-03 -1.028207e-04) (0.000000e+00 0.000000e+00 0.000000e+00)) ((2.133053e+00 1.981604e+01 -2.726163e+01) (-6.693047e-04 7.552452e-03 7.319530e-03) (0.000000e+00 0.000000e+00 0.000000e+00))
4.25615       	((-2.294736e-03 9.318995e+00 6.769245e+00) (-3.127889e-02 -2.840525e-03 -2.529898e-04) (0.000000e+00 0.000000e+00 0.000000e+00)) ((2.136035e+00 1.983513e+01 -2.730197e+01) (-6.585828e-04 7.095068e-03 7.233728e-03) (0.000000e+00 0.000000e+00 0.000000e+00))
4.28996       	((-1.709884e-03 9.331402e+00 6.778323e+00) (-3.118236e-02 -2.792689e-03 -2.526881e-04) (0.000000e+00 0.000000e+00 0.000000e+00)) ((2.138686e+00 1.986174e+01 -2.733880e+01) (-6.484892e-04 7.066100e-03 7.101056e-03) (0.000000e+00 0.000000e+00 0.000000e+00))
4.32083       	((-2.620026e-03 9.339181e+00 6.782723e+00) (-3.118757e-02 -2.843320e-03 -2.504770e-04) (0.000000e+00 0.000000e+00 0.000000e+00)) ((2.140315e+00 1.987452e+01 -2.736083e+01) (-6.572831e-04 7.078528e-03 7.236299e-03) (0.000000e+00 0.000000e+00 0.000000e+00))
4.35479       	((-4.753739e-03 9.350708e+00 6.789418e+00) (-3.122448e-02 -2.696572e-03 -3.017510e-04) (0.000000e+00 0.000000e+00 0.000000e+00)) ((2.142738e+00 1.989411e+01 -2.739291e+01) (-6.248713e-04 6.919596e-03 6.816287e-03) (0.000000e+00 0.000000e+00 0.000000e+00))
4.38551       	((-4.498871e-03 9.358599e+00 6.793726e+00) (-3.134234e-02 -2.741298e-03 -4.436930e-04) (0.000000e+00 0.000000e+00 0.000000e+00)) ((2.144387e+00 1.990649e+01 -2.741606e+01) (-6.281517e-04 6.511531e-03 6.937179e-03) (0.000000e+00 0.000000e+00 0.000000e+00))
4.41965       	((-7.917967e-03 9.361408e+00 6.797130e+00) (-3.125622e-02 -2.746857e-03 -5.052633e-04) (0.000000e+00 0.000000e+00 0.000000e+00)) ((2.144947e+00 1.991647e+01 -2.742169e+01) (-6.264336e-04 6.317769e-03 6.944064e-03) (0.000000e+00 0.000000e+00 0.000000e+00))
4.45592       	((-1.068878e-02 9.366900e+00 6.799184e+00) (-3.124088e-02 -2.658931e-03 -5.178419e-04) (0.000000e+00 0.000000e+00 0.000000e+00)) ((2.146083e+00 1.992242e+01 -2.743556e+01) (-6.063300e-04 6.269848e-03 6.693948e-03) (0.000000e+00 0.000000e+00 0.000000e+00))
4.48615       	((-1.242050e-02 9.364444e+00 6.800656e+00) (-3.126070e-02 -2.691493e-03 -5.812936e-04) (0.000000e+00 0.000000e+00 0.000000e+00)) ((2.145527e+00 1.992653e+01 -2.742689e+01) (-6.103348e-04 6.101153e-03 6.779462e-03) (0.000000e+00 0.000000e+00 0.000000e+00))
4.51827       	((-1.615716e-02 9.361413e+00 6.798773e+00) (-3.131674e-02 -2.582470e-03 -6.591462e-04) (0.000000e+00 0.000000e+00 0.000000e+00)) ((2.144840e+00 1.992090e+01 -2.741511e+01) (-5.844169e-04 5.875084e-03 6.472304e-03) (0.000000e+00 0.000000e+00 0.000000e+00))
4.55268       	((-1.965862e-02 9.360923e+00 6.798097e+00) (-3.139028e-02 -2.482354e-03 -7.188612e-04) (0.000000e+00 0.000000e+00 0.000000e+00)) ((2.144678e+00 1.991886e+01 -2.741090e+01) (-5.608345e-04 5.712317e-03 6.181874e-03) (0.000000e+00 0.000000e+00 0.000000e+00))
4.58709       	((-2.240615e-02 9.349973e+00 6.794254e+00) (-3.134102e-02 -2.718155e-03 -7.767296e-04) (0.000000e+00 0.000000e+00 0.000000e+00)) ((2.142306e+00 1.990732e+01 -2.737650e+01) (-6.046279e-04 5.553747e-03 6.848210e-03) (0.000000e+00 0.000000e+00 0.000000e+00))
4.61289       	((-2.534406e-02 9.348837e+00 6.793542e+00) (-3.145053e-02 -2.523056e-03 -7.993393e-04) (0.000000e+00 0.000000e+00 0.000000e+00)) ((2.142065e+00 1.990525e+01 -2.737095e+01) (-5.643550e-04 5.516201e-03 6.297099e-03) (0.000000e+00 0.000000e+00 0.000000e+00))
4.64054       	((-2.807920e-02 9.336097e+00 6.786281e+00) (-3.138190e-02 -2.574420e-03 -7.475309e-04) (0.000000e+00 0.000000e+00 0.000000e+00)) ((2.139302e+00 1.988383e+01 -2.733140e+01) (-5.746322e-04 5.655561e-03 6.448235e-03) (0.000000e+00 0.000000e+00 0.000000e+00))
4.6705        	((-3.154708e-02 9.324325e+00 6.781488e+00) (-3.139332e-02 -2.561211e-03 -7.199053e-04) (0.000000e+00 0.000000e+00 0.000000e+00)) ((2.136771e+00 1.986975e+01 -2.729426e+01) (-5.723907e-04 5.748001e-03 6.412858e-03) (0.000000e+00 0.000000e+00 0.000000e+00))
4.70345       	((-3.468161e-02 9.316959e+00 6.774718e+00) (-3.149010e-02 -2.606468e-03 -7.406501e-04) (0.000000e+00 0.000000e+00 0.000000e+00)) ((2.135164e+00 1.984979e+01 -2.727017e+01) (-5.809897e-04 5.706461e-03 6.536085e-03) (0.000000e+00 0.000000e+00 0.000000e+00))
4.7364        	((-3.667221e-02 9.300776e+00 6.767836e+00) (-3.150342e-02 -2.607094e-03 -7.583121e-04) (0.000000e+00 0.000000e+00 0.000000e+00)) ((2.131704e+00 1.982945e+01 -2.722111e+01) (-5.796349e-04 5.679571e-03 6.543808e-03) (0.000000e+00 0.000000e+00 0.000000e+00))
4.76935       	((-3.921839e-02 9.287322e+00 6.759483e+00) (-3.152378e-02 -2.565186e-03 -7.514147e-04) (0.000000e+00 0.000000e+00 0.000000e+00)) ((2.128802e+00 1.980490e+01 -2.717970e+01) (-5.724446e-04 5.722469e-03 6.423601e-03) (0.000000e+00 0.000000e+00 0.000000e+00))
4.78857       	((-4.067516e-02 9.287865e+00 6.758045e+00) (-3.147200e-02 -2.589692e-03 -6.582737e-04) (0.000000e+00 0.000000e+00 0.000000e+00)) ((2.128927e+00 1.980070e+01 -2.718015e+01) (-5.797009e-04 5.987070e-03 6.502621e-03) (0.000000e+00 0.000000e+00 0.000000e+00))
4.80971       	((-4.058117e-02 9.266928e+00 6.748860e+00) (-3.153021e-02 -2.587749e-03 -6.475730e-04) (0.000000e+00 0.000000e+00 0.000000e+00)) ((2.124451e+00 1.977365e+01 -2.711876e+01) (-5.806192e-04 6.040134e-03 6.507194e-03) (0.000000e+00 0.000000e+00 0.000000e+00))
4.8335        	((-4.284479e-02 9.264021e+00 6.744076e+00) (-3.148824e-02 -2.631711e-03 -5.943638e-04) (0.000000e+00 0.000000e+00 0.000000e+00)) ((2.123847e+00 1.975975e+01 -2.710865e+01) (-5.904096e-04 6.192972e-03 6.620851e-03) (0.000000e+00 0.000000e+00 0.000000e+00))
4.85728       	((-4.288915e-02 9.251156e+00 6.737098e+00) (-3.153929e-02 -2.572472e-03 -5.919829e-04) (0.000000e+00 0.000000e+00 0.000000e+00)) ((2.121089e+00 1.973921e+01 -2.707080e+01) (-5.791932e-04 6.218950e-03 6.465790e-03) (0.000000e+00 0.000000e+00 0.000000e+00))
4.88107       	((-4.312635e-02 9.241822e+00 6.732018e+00) (-3.158157e-02 -2.651957e-03 -5.958824e-04) (0.000000e+00 0.000000e+00 0.000000e+00)) ((2.119115e+00 1.972432e+01 -2.704329e+01) (-5.948185e-04 6.220923e-03 6.692476e-03) (0.000000e+00 0.000000e+00 0.000000e+00))
4.90486       	((-4.378183e-02 9.234831e+00 6.725831e+00) (-3.154939e-02 -2.649941e-03 -5.693601e-04) (0.000000e+00 0.000000e+00 0.000000e+00)) ((2.117655e+00 1.970625e+01 -2.702235e+01) (-5.963037e-04 6.299524e-03 6.689175e-03) (0.000000e+00 0.000000e+00 0.000000e+00))
4.92864       	((-4.278789e-02 9.221944e+00 6.719946e+00) (-3.149157e-02 -2.695050e-03 -4.725832e-04) (0.000000e+00 0.000000e+00 0.000000e+00)) ((2.114927e+00 1.968895e+01 -2.698531e+01) (-6.097380e-04 6.580543e-03 6.832244e-03) (0.000000e+00 0.000000e+00 0.000000e+00))
4.95243       	((-4.308993e-02 9.216414e+00 6.715192e+00) (-3.149345e-02 -2.727558e-03 -3.962959e-04) (0.000000e+00 0.000000e+00 0.000000e+00)) ((2.113764e+00 1.967515e+01 -2.696896e+01) (-6.200684e-04 6.819073e-03 6.923658e-03) (0.000000e+00 0.000000e+00 0.000000e+00))
4.97621       	((-4.181742e-02 9.210594e+00 6.710955e+00) (-3.154147e-02 -2.696895e-03 -3.635686e-04) (0.000000e+00 0.000000e+00 0.000000e+00)) ((2.112560e+00 1.966269e+01 -2.695287e+01) (-6.162911e-04 6.924514e-03 6.834803e-03) (0.000000e+00 0.000000e+00 0.000000e+00))
5             	((-4.168761e-02 9.204237e+00 6.706235e+00) (-3.160104e-02 -2.774934e-03 -3.582440e-04) (0.000000e+00 0.000000e+00 0.000000e+00)) ((2.111212e+00 1.964902e+01 -2.693447e+01) (-6.332611e-04 6.953948e-03 7.067883e-03) (0.000000e+00 0.000000e+00 0.000000e+00))
5.02747       	((-3.867319e-02 9.199613e+00 6.703527e+00) (-3.163125e-02 -2.780649e-03 -3.646141e-04) (0.000000e+00 0.000000e+00 0.000000e+00)) ((2.110267e+00 1.964103e+01 -2.692317e+01) (-6.346359e-04 6.961649e-03 7.078089e-03) (0.000000e+00 0.000000e+00 0.000000e+00))
5.05855       	((-3.800752e-02 9.196145e+00 6.698579e+00) (-3.160984e-02 -2.748052e-03 -3.322773e-04) (0.000000e+00 0.000000e+00 0.000000e+00)) ((2.109546e+00 1.962671e+01 -2.691364e+01) (-6.300454e-04 7.042764e-03 6.986852e-03) (0.000000e+00 0.000000e+00 0.000000e+00))
5.09335       	((-3.492969e-02 9.190457e+00 6.696474e+00) (-3.158416e-02 -2.863647e-03 -3.369498e-04) (0.000000e+00 0.000000e+00 0.000000e+00)) ((2.108386e+00 1.962065e+01 -2.689947e+01) (-6.550572e-04 7.023589e-03 7.327393e-03) (0.000000e+00 0.000000e+00 0.000000e+00))
5.1279        	((-3.259888e-02 9.191059e+00 6.694455e+00) (-3.153732e-02 -2.853654e-03 -2.804021e-04) (0.000000e+00 0.000000e+00 0.000000e+00)) ((2.108550e+00 1.961487e+01 -2.690312e+01) (-6.560726e-04 7.184185e-03 7.287367e-03) (0.000000e+00 0.000000e+00 0.000000e+00))
5.16105       	((-3.042958e-02 9.191791e+00 6.693833e+00) (-3.153689e-02 -2.863695e-03 -2.264341e-04) (0.000000e+00 0.000000e+00 0.000000e+00)) ((2.108751e+00 1.961327e+01 -2.690705e+01) (-6.609497e-04 7.349622e-03 7.317562e-03) (0.000000e+00 0.000000e+00 0.000000e+00))
5.19637       	((-2.694111e-02 9.187311e+00 6.692979e+00) (-3.154145e-02 -2.901317e-03 -2.180505e-04) (0.000000e+00 0.000000e+00 0.000000e+00)) ((2.107852e+00 1.961081e+01 -2.689668e+01) (-6.713854e-04 7.366554e-03 7.441795e-03) (0.000000e+00 0.000000e+00 0.000000e+00))
5.22716       	((-2.465160e-02 9.199184e+00 6.696339e+00) (-3.148800e-02 -2.932578e-03 -1.581429e-04) (0.000000e+00 0.000000e+00 0.000000e+00)) ((2.110401e+00 1.962095e+01 -2.693342e+01) (-6.804514e-04 7.529765e-03 7.531735e-03) (0.000000e+00 0.000000e+00 0.000000e+00))
5.2615        	((-2.079924e-02 9.196548e+00 6.696690e+00) (-3.143831e-02 -2.998833e-03 -7.365744e-05) (0.000000e+00 0.000000e+00 0.000000e+00)) ((2.109859e+00 1.962198e+01 -2.692866e+01) (-6.974387e-04 7.776647e-03 7.728722e-03) (0.000000e+00 0.000000e+00 0.000000e+00))
5.29971       	((-1.767618e-02 9.207091e+00 6.701541e+00) (-3.147263e-02 -2.806039e-03 -1.326091e-04) (0.000000e+00 0.000000e+00 0.000000e+00)) ((2.112139e+00 1.963640e+01 -2.696207e+01) (-6.571406e-04 7.585522e-03 7.159576e-03) (0.000000e+00 0.000000e+00 0.000000e+00))
5.33126       	((-1.463532e-02 9.218445e+00 6.706711e+00) (-3.138999e-02 -3.003991e-03 -1.420477e-04) (0.000000e+00 0.000000e+00 0.000000e+00)) ((2.114582e+00 1.965169e+01 -2.699776e+01) (-6.967601e-04 7.529015e-03 7.738296e-03) (0.000000e+00 0.000000e+00 0.000000e+00))
5.36663       	((-1.208665e-02 9.217585e+00 6.707515e+00) (-3.138689e-02 -3.009324e-03 -9.183609e-05) (0.000000e+00 0.000000e+00 0.000000e+00)) ((2.114347e+00 1.965411e+01 -2.699721e+01) (-7.006318e-04 7.677972e-03 7.751114e-03) (0.000000e+00 0.000000e+00 0.000000e+00))
5.4034        	((-8.914876e-03 9.238647e+00 6.718210e+00) (-3.132189e-02 -2.966982e-03 -8.351343e-05) (0.000000e+00 0.000000e+00 0.000000e+00)) ((2.118936e+00 1.968567e+01 -2.706152e+01) (-6.928776e-04 7.674735e-03 7.617372e-03) (0.000000e+00 0.000000e+00 0.000000e+00))
5.43109       	((-6.785407e-03 9.236006e+00 6.718671e+00) (-3.134002e-02 -2.857896e-03 -1.309475e-04) (0.000000e+00 0.000000e+00 0.000000e+00)) ((2.118303e+00 1.968686e+01 -2.705524e+01) (-6.702353e-04 7.520050e-03 7.304249e-03) (0.000000e+00 0.000000e+00 0.000000e+00))
5.4626        	((-5.486785e-03 9.249257e+00 6.726293e+00) (-3.127996e-02 -2.949820e-03 -1.497846e-04) (0.000000e+00 0.000000e+00 0.000000e+00)) ((2.121147e+00 1.970951e+01 -2.709529e+01) (-6.880255e-04 7.445513e-03 7.574794e-03) (0.000000e+00 0.000000e+00 0.000000e+00))
5.4975        	((-4.605782e-03 9.258034e+00 6.731237e+00) (-3.131095e-02 -2.980695e-03 -1.622276e-04) (0.000000e+00 0.000000e+00 0.000000e+00)) ((2.122986e+00 1.972400e+01 -2.712170e+01) (-6.927293e-04 7.413113e-03 7.656281e-03) (0.000000e+00 0.000000e+00 0.000000e+00))
5.52834       	((-1.686218e-03 9.268122e+00 6.738821e+00) (-3.131556e-02 -2.817529e-03 -2.521667e-04) (0.000000e+00 0.000000e+00 0.000000e+00)) ((2.125136e+00 1.974606e+01 -2.715337e+01) (-6.571708e-04 7.130858e-03 7.178761e-03) (0.000000e+00 0.000000e+00 0.000000e+00))
5.56274       	((-2.975340e-03 9.278329e+00 6.744020e+00) (-3.125350e-02 -2.851901e-03 -3.168385e-04) (0.000000e+00 0.000000e+00 0.000000e+00)) ((2.127263e+00 1.976164e+01 -2.718252e+01) (-6.624826e-04 6.908451e-03 7.247044e-03) (0.000000e+00 0.000000e+00 0.000000e+00))
5.59585       	((-2.167189e-03 9.284107e+00 6.750043e+00) (-3.128930e-02 -2.892325e-03 -2.842575e-04) (0.000000e+00 0.000000e+00 0.000000e+00)) ((2.128456e+00 1.977906e+01 -2.719991e+01) (-6.705953e-04 7.009423e-03 7.394601e-03) (0.000000e+00 0.000000e+00 0.000000e+00))
5.63286       	((-1.877939e-03 9.294402e+00 6.756240e+00) (-3.132274e-02 -2.745929e-03 -2.834033e-04) (0.000000e+00 0.000000e+00 0.000000e+00)) ((2.130626e+00 1.979721e+01 -2.723030e+01) (-6.395833e-04 7.009898e-03 6.946863e-03) (0.000000e+00 0.000000e+00 0.000000e+00))
5.6566        	((-3.516448e-03 9.303047e+00 6.760598e+00) (-3.139504e-02 -2.667236e-03 -3.868246e-04) (0.000000e+00 0.000000e+00 0.000000e+00)) ((2.132435e+00 1.981012e+01 -2.725446e+01) (-6.192013e-04 6.710180e-03 6.716990e-03) (0.000000e+00 0.000000e+00 0.000000e+00))
5.68409       	((-3.157919e-03 9.302170e+00 6.763223e+00) (-3.130018e-02 -2.819699e-03 -4.370231e-04) (0.000000e+00 0.000000e+00 0.000000e+00)) ((2.132215e+00 1.981762e+01 -2.725202e+01) (-6.474955e-04 6.535897e-03 7.168962e-03) (0.000000e+00 0.000000e+00 0.000000e+00))
5.71536       	((-5.431603e-03 9.310359e+00 6.767162e+00) (-3.123462e-02 -2.798603e-03 -3.992925e-04) (0.000000e+00 0.000000e+00 0.000000e+00)) ((2.133940e+00 1.982912e+01 -2.727424e+01) (-6.429864e-04 6.630225e-03 7.109243e-03) (0.000000e+00 0.000000e+00 0.000000e+00))
5.74664       	((-7.518742e-03 9.311993e+00 6.771069e+00) (-3.127480e-02 -2.756326e-03 -4.081217e-04) (0.000000e+00 0.000000e+00 0.000000e+00)) ((2.134256e+00 1.984065e+01 -2.727749e+01) (-6.329484e-04 6.618134e-03 6.986777e-03) (0.000000e+00 0.000000e+00 0.000000e+00))
5.7815        	((-9.650982e-03 9.312586e+00 6.772776e+00) (-3.134803e-02 -2.744941e-03 -5.282789e-04) (0.000000e+00 0.000000e+00 0.000000e+00)) ((2.134327e+00 1.984544e+01 -2.727753e+01) (-6.249264e-04 6.281262e-03 6.938426e-03) (0.000000e+00 0.000000e+00 0.000000e+00))
5.81916       	((-1.191787e-02 9.319667e+00 6.776677e+00) (-3.126180e-02 -2.713400e-03 -4.994809e-04) (0.000000e+00 0.000000e+00 0.000000e+00)) ((2.135810e+00 1.985679e+01 -2.729640e+01) (-6.194913e-04 6.339115e-03 6.843938e-03) (0.000000e+00 0.000000e+00 0.000000e+00))
5.85521       	((-1.398972e-02 9.317205e+00 6.777202e+00) (-3.135790e-02 -2.659034e-03 -5.791964e-04) (0.000000e+00 0.000000e+00 0.000000e+00)) ((2.135234e+00 1.985814e+01 -2.728751e+01) (-6.049663e-04 6.125253e-03 6.692404e-03) (0.000000e+00 0.000000e+00 0.000000e+00))
5.89255       	((-1.755969e-02 9.318221e+00 6.778365e+00) (-3.136703e-02 -2.668055e-03 -5.967144e-04) (0.000000e+00 0.000000e+00 0.000000e+00)) ((2.135424e+00 1.986155e+01 -2.728774e+01) (-6.033816e-04 6.096547e-03 6.718101e-03) (0.000000e+00 0.000000e+00 0.000000e+00))
5.92678       	((-1.906789e-02 9.317690e+00 6.777811e+00) (-3.136846e-02 -2.624753e-03 -5.816845e-04) (0.000000e+00 0.000000e+00 0.000000e+00)) ((2.135317e+00 1.985970e+01 -2.728485e+01) (-5.940611e-04 6.140534e-03 6.587304e-03) (0.000000e+00 0.000000e+00 0.000000e+00))
5.9574        	((-2.098779e-02 9.310586e+00 6.776276e+00) (-3.135832e-02 -2.591954e-03 -5.919639e-04) (0.000000e+00 0.000000e+00 0.000000e+00)) ((2.133746e+00 1.985498e+01 -2.726241e+01) (-5.864084e-04 6.100569e-03 6.500410e-03) (0.000000e+00 0.000000e+00 0.000000e+00))
5.98567       	((-2.461491e-02 9.313375e+00 6.775151e+00) (-3.139025e-02 -2.623252e-03 -5.865454e-04) (0.000000e+00 0.000000e+00 0.000000e+00)) ((2.134375e+00 1.985184e+01 -2.726795e+01) (-5.918921e-04 6.124406e-03 6.584337e-03) (0.000000e+00 0.000000e+00 0.000000e+00))
6.01753       	((-2.548486e-02 9.303048e+00 6.771446e+00) (-3.147280e-02 -2.589266e-03 -6.273355e-04) (0.000000e+00 0.000000e+00 0.000000e+00)) ((2.132160e+00 1.984061e+01 -2.723672e+01) (-5.826734e-04 6.041219e-03 6.490863e-03) (0.000000e+00 0.000000e+00 0.000000e+00))
6.05309       	((-2.916651e-02 9.301540e+00 6.769915e+00) (-3.145785e-02 -2.663646e-03 -6.956592e-04) (0.000000e+00 0.000000e+00 0.000000e+00)) ((2.131845e+00 1.983616e+01 -2.722959e+01) (-5.942864e-04 5.854668e-03 6.675098e-03) (0.000000e+00 0.000000e+00 0.000000e+00))
6.09032       	((-3.179345e-02 9.296240e+00 6.765271e+00) (-3.148781e-02 -2.678038e-03 -6.575300e-04) (0.000000e+00 0.000000e+00 0.000000e+00)) ((2.130731e+00 1.982239e+01 -2.721193e+01) (-5.986902e-04 5.967887e-03 6.744033e-03) (0.000000e+00 0.000000e+00 0.000000e+00))
6.12686       	((-3.251775e-02 9.288868e+00 6.762202e+00) (-3.148994e-02 -2.626512e-03 -6.178386e-04) (0.000000e+00 0.000000e+00 0.000000e+00)) ((2.129179e+00 1.981314e+01 -2.718962e+01) (-5.899326e-04 6.093645e-03 6.603129e-03) (0.000000e+00 0.000000e+00 0.000000e+00))
6.16176       	((-3.561226e-02 9.284761e+00 6.759396e+00) (-3.146721e-02 -2.682269e-03 -5.547113e-04) (0.000000e+00 0.000000e+00 0.000000e+00)) ((2.128316e+00 1.980490e+01 -2.717520e+01) (-6.030131e-04 6.293164e-03 6.771906e-03) (0.000000e+00 0.000000e+00 0.000000e+00))
6.19939       	((-3.738035e-02 9.281028e+00 6.754161e+00) (-3.159483e-02 -2.593046e-03 -5.599467e-04) (0.000000e+00 0.000000e+00 0.000000e+00)) ((2.127533e+00 1.978970e+01 -2.716305e+01) (-5.854147e-04 6.289627e-03 6.500533e-03) (0.000000e+00 0.000000e+00 0.000000e+00))
6.23702       	((-3.722835e-02 9.276298e+00 6.751739e+00) (-3.161854e-02 -2.677092e-03 -5.972752e-04) (0.000000e+00 0.000000e+00 0.000000e+00)) ((2.126529e+00 1.978230e+01 -2.714909e+01) (-6.008646e-04 6.203033e-03 6.744359e-03) (0.000000e+00 0.000000e+00 0.000000e+00))
